22.4356
69.4578
42.8267
77.3689
53.5111
75.2356
52.1778
66.9333
75.2356
69.9733
70.0978
75.2356
80.16
77.0844
59.7511
52.9244
70.9333
43.9111
72.9778
38.7556
45.5644
64.1778
77.0133
72.7822
39.1467
42.5778
43.7867
43.7867
63.4844
64.1422
53.6533
65.0489
65.6
43.3956
60.1956
36.4267
65.6
43.0222
34.0267
43.9467
69.7067
43.0756
66.5422
76.5511
76.5511
76.5511
43.9467
43.9467
43.9467
66.4889
42.7733
79.7689
45.1733
43.9289
79.1822
43.9467
65.28
45.7778
43.9467
65.2978
44.7289
43.9467
74.8622
43.9289
74.8622
45.7778
76.4444
79.1822
48.8889
43.6978
42.8267
79.5022
79.5022
69.8844
66.5778
69.6
75.2356
42.7733
68.1956
75.2356
43.6978
49.0844
43.2
67.8933
43.9289
80.0533
53.4044
53.4044
38.7556
85.28
64.1778
72.8
72.8
59.0578
45.7956
49.1378
53.4933
65.3511
64.1422
43.2889
64.1956
74.6133
45.0133
43.3956
43.9111
64.1956
43.0222
38.6844
38.6844
38.6844
66.9689
66.8444
66.8444
66.9689
66.9689
66.9689
66.9689
66.9689
66.9689
67.0933
54.08
54.08
43.7333
43.7333
43.7333
43.9111
59.6622
44.1956
40.8533
40.8533
40.8533
43.9467
40.7644
40.7644
43.68
43.9467
43.4844
56.32
69.6711
53.5822
53.5111
37.9911
79.5022
66.5067
37.9911
68.1956
65.2978
37.9911
85.9911
69.6711
76.1778
43.9289
70.9333
74.7378
53.4044
38.7556
48.9956
68.4444
72.8
51.1467
72.8
73.4044
71.9111
71.9111
45.6889
65.3511
64.1422
75.0578
64.1956
74.6133
43.9289
43.9289
64.1956
41.1733
45.4044
38.6844
38.6844
57.3333
38.6844
66.8444
45.0844
66.9689
66.9689
45.7956
66.9689
66.9689
45.7956
41.5644
67.0933
54.08
43.7333
43.7333
43.7333
43.9467
43.9467
59.5556
40.8356
40.8533
40.8533
43.9467
43.7867
40.7644
43.7511
43.9467
62.3111
68.6044
56.32
43.8578
53.5111
38.3644
43.2889
72.0533
79.3956
76.32
81.9911
70.6311
43.8756
54.24
69.3867
69.4578
69.3156
77.1378
67.3244
38.6311
42.1689
53.4044
81.6889
43.9467
68.16
55.9467
45.7956
74.88
73.4756
65.3511
43.8222
72.2844
44.8
45.3867
38.9867
51.1822
70.0267
43.8222
69.6533
54.0622
43.7867
43.9467
42.5244
70.7378
76.5511
76.5511
49.5644
39.3244
66.9867
75.36
43.8933
50.5956
65.5822
81.0844
43.9467
79.1822
44.7289
45.7778
43.9467
64.5689
83.7689
72.4622
66.1511
43.9111
77.5289
39.04
40.3022
70.6311
68.6756
62.3111
43.3778
44.4267
66.8978
43.9467
63.8756
41.44
67.3244
66.5778
75.1111
66.9156
42.7911
73.76
69.6
43.5022
38.1333
45.5644
74.7378
53.4044
64.8711
70.1156
75.68
81.7244
81.7956
42.6667
73.3867
43.84
71.2889
43.0578
43.6444
43.7867
43.9289
45.12
40.1956
43.5556
68.8356
43.9467
43.9289
51.3067
38.6844
42.1333
61.4222
42.5244
87.0756
43.7333
66.9689
45.7422
45.7956
66.9689
45.7956
78.8978
70.9333
68.4089
81.0844
42.8444
43.7333
43.9467
43.9467
43.9467
43.9467
40.8356
40.8356
43.9467
43.9467
43.9467
43.9467
43.7511
43.3244
68.6933
62.3111
62.2933
43.2178
61.7422
61.8133
49.5822
79.7867
81.8844
59.52
43.9467
67.8756
40.9067
45.7778
41.6356
43.6267
59.9822
76.8356
87.6622
43.7511
42.7733
43.0222
43.9467
43.9467
43.9467
43.9467
40.8533
40.8533
43.9467
43.9467
43.3244
43.9467
43.9467
43.9467
68.7111
62.3111
62.3111
54.0444
70.4889
42.2578
41.8667
43.8578
43.8756
40.1422
40.0178
72.1244
76.1067
64.5689
77.2267
69.1022
73.8667
70.9511
81.3511
81.3511
88.9956
43.9467
72.0711
85.9556
69.7067
69.7067
39.3956
39.4311
43.0222
73.7778
84.6756
24.2133
56.48
56.48
56.2489
80.7289
64.0178
37.4222
55.3067
43.9467
43.9467
43.9467
45.7778
49.3156
59.3956
43.9467
43.9467
47.9111
79.1467
66.5067
43.4311
55.4844
43.4667
39.7867
42.7378
42.7733
42.7378
67.9644
75.3422
73.7956
80.3378
78.6311
39.4844
79.6267
68.8356
43.9467
74.6844
84.2667
71.7333
43.6978
62.88
43.8578
43.6267
65.6
43.9467
42.4
21.3511
40.1422
40.0178
39.8933
76.1067
76.1067
64.5689
69.1022
43.9289
43.9111
70.9511
81.3511
81.3511
76.6756
43.9467
45.3867
72.0533
66.9511
69.7067
69.7067
87.3778
41.5822
69.5467
37.5111
69.5467
85.7956
52.5867
85.7956
37.4933
37.4222
37.4222
55.1822
43.9467
43.6267
37.4222
43.3778
43.68
59.3956
42.0267
78.9689
45.7422
41.6356
77.2978
61.8667
43.9289
73.1022
68.5511
42.5956
42.4
42.7378
49.1378
43.9467
43.7689
39.7156
43.9467
43.9467
43.7689
43.9467
43.4311
54.7911
43.9467
43.7867
43.7156
45.7956
45.6533
43.6267
69.8489
65.12
41.8667
79.4844
41.4933
41.2444
51.4667
43.3244
43.3244
90.08
43.9467
59.7156
70.5422
74.0622
87.5911
43.9289
79.5911
61.44
45.3867
45.3867
72.0178
72.7289
87.3778
85.9556
87.3778
69.5467
76.3556
47.1289
85.7956
83.3778
64.16
39.7333
39.7333
41.0667
52.9244
43.4133
39.7867
75.0933
43.7156
44.9778
65.3156
81.92
67.9644
53.6356
45.7956
45.76
70.0444
43.9467
78.8622
86.9511
47.9111
50.7556
60.2311
43.9467
43.9467
45.4933
42.9867
60.2311
43.9467
43.3244
43.9467
43.6089
54.7911
48.6756
40.8711
43.7333
45.6533
45.4756
43.6267
43.8933
84.1956
53.2978
65.12
72.3911
67.4844
67.8044
43.8578
43.9467
43.6622
43.9289
43.2178
64.5333
72.0178
69.7778
85.7067
43.7689
84.6578
63.2711
68.5156
69.1022
74.6489
74.6311
72.0178
72.4444
62.4711
47.1289
72.1422
75.5733
54.9511
82.1689
52.4444
37.4222
40.7822
43.4133
43.9467
43.8578
40
43.1644
41.0667
87.1467
70.72
43.8222
64.2489
49.7067
66.56
87.3778
41.4578
78.8622
66.1156
47.9111
76.48
42.7378
43.9467
60.32
43.6444
42.1867
60.3022
60.4267
45.76
43.9467
76.7467
77.7067
72.1067
71.4489
42.0622
43.6089
45.4756
43.6267
54.4
81.2444
79.6622
79.6622
81.7244
63.8222
83.1822
77.4044
43.4133
43.9467
43.6267
67.3067
77.6178
58.56
43.5022
66.1156
88.0533
84.6578
79.2178
71.0044
74.7022
74.6489
62.5956
69.4578
43.7689
47.1289
47.1289
84.6222
51.4667
76.4089
76.2844
67.0044
43.5911
44.7822
43.2889
54.0089
43.9111
43.9467
74.72
74.0978
87.2178
70.7556
75.2711
41.6356
45.7956
45.6533
45.6889
41.4578
79.5733
62.9867
76.3556
76.48
76.64
43.6089
45.5644
50.2933
71.8933
60.3911
60.5156
60.64
43.6089
43.9467
45.5289
41.8311
43.9467
43.04
43.6089
45.4756
43.6444
43.9467
80.64
53.44
79.7867
81.7422
63.8222
83.1822
43.84
53.4044
64.1422
67.6444
74.3822
77.6178
67.3067
43.5022
90.0444
88.0178
54.5067
63.1289
60.6044
74.6489
74.6489
84.4267
68.4622
43.7689
47.1289
34.0267
84.4978
67.1467
76.6044
80.6933
64.3556
32.8356
43.2889
43.2889
43.2889
51.5733
54.1689
77.5111
74.0978
87.2889
70.8089
75.3067
45.7422
41.8133
45.0133
43.52
58.88
39.4311
63.0044
76.2667
76.3733
76.5511
43.6089
43.6444
72.0711
39.7333
60.48
60.6044
60.7289
43.4844
43.9467
43.68
43.9467
52.8711
43.9467
44.8711
55.3956
43.4844
43.9467
72.5867
53.5644
79.4133
75.2
43.7689
43.8578
43.9289
22.9333
89.3333
64.1422
41.1911
43.8933
72.3911
43.9467
39.7156
75.0044
49.9378
43.1822
81.8489
43.8578
74.5778
82.3467
67.9289
43.7689
20.1067
20.1067
70.8089
48.8711
43.9467
42.9867
43.9467
55.1822
62.8089
39.5911
42.3289
72.7822
76.2311
43.8756
74.0978
87.3244
70.88
75.36
66.2222
43.4667
66.6133
43.0933
71.5378
43.9467
63.0222
43.0933
55.7156
39.4844
71.1822
43.6444
45.76
42.2044
60.5867
60.7111
60.8356
43.4844
56.2133
81.0489
64.6044
43.9467
43.9467
43.52
44.96
43.9467
43.9467
80.0356
80.0356
70.4356
42.56
42.6311
43.6267
22.9333
42.3467
64.1244
43.9467
63.2533
43.9467
43.9467
43.68
77.0133
68.2311
59.5556
43.9467
59.6089
43.9289
87.2889
60.6756
20.1067
20.1067
20.1067
20.1067
62.4
60.2667
57.4578
43.9467
43.4489
45.7956
39.5556
43.3778
72.8
71.7867
43.8756
42.9333
87.3244
70.9511
75.4489
64.0178
45.7956
50.9156
65.1022
43.8222
71.3244
87.68
43.0933
73.7778
43.0933
70.8444
81.7067
81.7067
62.4356
60.6933
60.8178
60.9422
43.9467
43.9467
43.9467
43.9467
53.0489
43.1111
43.6622
45.5289
43.9467
43.2889
53.8133
80.16
52.1778
42.56
43.6267
43.9467
75.2356
77.7956
47.8044
38.5956
62.7556
43.9467
48.1422
46.9156
77.0311
81.0133
57.8311
43.9467
46.9333
43.9289
43.6089
71.4133
20.1067
20.1067
20.1067
20.1067
20.1067
60.2667
67.6978
66.56
43.6978
44.8533
43.3956
38.1867
72.8178
79.1289
49.6356
72.9422
56.3911
71.0222
75.5556
64.0178
45.7422
45.7956
43.7867
88.0533
45.7067
87.7156
64.2844
71.7156
43.9467
43.3244
53.9378
71.9644
75.9644
43.6267
43.9111
43.9467
57.1378
77.76
47.8044
38.6311
43.8933
56.2667
75.2178
43.1822
77.0667
76.0889
71.0044
62.9689
43.68
43.9289
64.2311
86.5244
76.8889
20.1067
20.1067
20.1067
43.6267
83.4133
54.08
43.9467
43.6622
41.1911
85.8311
41.1556
72.8
79.1289
73.5467
72.9422
55.9289
71.0933
75.68
43.1822
76.5689
41.6
87.36
70.0444
71.3778
87.7156
64.3911
61.9022
20.1067
9.70667
15.0756
46.9511
60.7644
43.6622
45.8667
35.6089
42.7733
65.8667
44.9067
70.5244
56.8533
48.3911
64.4089
64.4978
43.9467
43.3244
80.4089
80.4089
42.4711
43.6267
43.9467
43.8044
41.2444
60.4089
76.3022
38.6667
62.7556
68.8
75.0933
43.7867
46.1156
43.9111
73.28
44.6933
86.9867
46.3822
43.9467
86.5244
43.9467
20.1067
20.1067
34.3111
62.9511
83.4133
63.2
59.4844
78.6311
32.4089
42.3289
41.0133
72.8178
79.1289
58.8978
75.2533
55.9644
71.1644
75.8044
41.4222
43.9111
39.0756
52.9778
70.0444
43.9467
42.5067
43.5733
62.0089
20.1067
20.1067
9.68889
45.6
43.36
42.88
48.9422
43.9467
61.0844
89.3156
43.2356
67.4844
43.52
64.4622
64.48
64.5689
43.9467
63.3422
54.1156
80.5333
86.5244
43.4133
43.3778
62.5244
41.2444
62.7911
59.4667
43.3956
62.7556
66.6667
69.3333
53.6356
46.1156
45.76
69.9378
76.7644
43.6978
43.52
43.9467
43.8578
58.8444
43.9467
74.4711
34.08
53.6178
83.4133
42.56
86.3111
43.6622
32.4089
39.5911
68.1067
72.8356
43.9467
58.6667
43.4311
56
71.2356
75.9289
40.1422
43.5378
52.7111
52.9778
69.9733
68.5689
42.5067
43.9467
37.76
20.1067
20.1067
20.1067
42.0978
38.6489
52.1778
40.5333
70.7911
62.3111
63.1467
66.08
43.7689
71.4133
43.84
43.3778
60.8356
43.9467
43.8578
54.24
72.1244
40.5156
52.1422
43.9467
43.9467
57.8133
43.9467
42.6133
43.1289
61.5289
70.3289
21.3156
76.96
43.8044
79.9111
43.8222
52.9956
58.7911
72.2844
75.3956
43.8578
43.7867
31.5022
68.8
85.12
53.6711
83.4133
64.3022
42.8267
39.36
64.4444
64.7111
54.08
72.8356
55.2533
45.3333
43.4311
56.0356
71.2889
76.0356
73.4222
41.9022
41.4044
52.9778
63.8222
68.4622
42.5067
43.3067
75.0933
39.8933
20.1067
20.1067
34.9511
69.8844
65.0133
40.3022
81.1556
71.4133
65.4933
65.9733
71.5378
41.8844
63.2178
43.9467
43.8578
43.8933
43.8578
80.7822
80.7822
43.8578
52.1422
43.9467
43.9467
42.5422
43.9289
70.3289
43.1289
80.5867
77.76
43.8578
76.96
43.8933
85.1378
43.8578
42.6844
58.8622
43.9289
75.1289
43.1644
67.9644
27.84
65.4222
85.12
53.7067
76.4978
79.1644
72.3378
39.36
64.4978
64.7822
40.9244
72.8356
35.8044
43.52
42.8089
88.1244
71.3244
38.0089
43.2
57.6356
41.5111
53.0489
43.9467
68.4622
71.3422
75.2889
75.2889
75.2889
43.9289
43.8933
67.7689
70.9689
43.9467
64.8356
77.8311
43.8933
82.0267
65.6533
66.0978
71.68
60.1244
42.7556
62.7378
43.8933
43.8578
54.4889
80.9067
68.2667
43.8578
45.7956
42.8978
77.7422
43.9289
59.1289
54.7911
80.6222
51.9111
47.8933
76.9778
79.0044
43.9467
56.3556
56.3733
56.48
56.5867
56.7111
56.8356
56.96
57.0844
57.2089
70.8267
53.7422
64.2844
64.4089
81.2444
42.8444
77.7956
85.8311
65.5111
56.9244
42.4
45.3333
40.96
88.4444
43.8222
38.0089
43.2
43.84
87.5733
53.0489
43.9467
68.4622
43.9289
43.2711
75.2889
42.8444
43.9467
59.6267
67.7689
70.9511
82.72
84.7644
68.2844
71.9644
50.8267
60.0356
63.7867
86.2578
39.7689
63.5022
60.8356
43.8933
43.2533
54.6133
72.2667
43.8578
41.9911
62.6844
43.9467
42.0267
43.9289
43.9467
54.7911
80.1067
72.3733
47.8933
76.7289
79.0044
71.0578
56.4267
56.4444
56.5511
56.6578
56.7822
56.9067
57.0311
57.1556
40.8
45.7778
61.9733
64.3556
64.48
43.5556
40.8
77.7956
43.68
43.9467
43.9467
50.08
54.3289
40.96
43.9289
61.2089
38.0089
43.2
74.4356
87.4311
88.5689
35.7867
59.8933
43.9111
59.0222
45.6
80.5867
70.9689
59.6267
43.8222
43.8933
39.6267
64.8356
69.7244
64.1422
44.8
58.5956
47.2711
63.4311
67.4667
62.6844
64.6756
43.8578
56.9778
43.1644
81.1556
81.1556
43.8222
41.7956
43.9467
43.5911
78.5778
64.0533
76.1067
54.7911
66.4178
77.0667
47.8933
76.7467
81.6711
71.0578
56.4978
56.5156
56.6222
56.7289
56.8533
56.9778
57.1022
45.7956
44.96
43.8933
62.0444
62.1689
64.5511
44.2489
41.5467
64.5689
43.68
43.68
43.6267
84.48
43.9467
40.96
43.9289
43.8756
43.9467
79.9644
74.4356
84.2667
88.5333
72.4622
43.8222
43.9111
43.8222
25.6178
25.6178
67.5911
43.6444
43.1822
84.0356
69.5822
64.8356
69.6356
69.5644
42.72
43.52
45.1022
43.8756
41.9733
67.5022
64.6756
43.8578
64.1778
43.2356
54.7911
81.28
61.6889
43.9111
43.9467
47.8578
78.5778
64.0889
73.4933
41.9378
45.7778
67.8222
43.5556
69.1022
81.6711
43.6978
56.5511
56.6044
56.7111
68.8533
68.6933
42.2756
41.6889
43.6267
44.96
85.4578
61.6356
61.76
41.5467
41.7956
41.7956
64.5689
43.84
43.8756
53.7422
44.1067
42.72
40.96
43.9467
76.9956
61.1911
77.3511
66.24
43.4844
55.3422
69.3333
73.3511
60.2133
91.4667
25.6178
43.8044
76.2311
42.8444
42.8622
69.3511
11.52
49.0133
67.2711
42.3822
43.84
59.5911
53.12
42.6844
41.2089
40.4089
65.0311
63.5556
43.6978
43.2356
54.9156
72.2844
61.6889
64.6756
65.7067
43.5911
56.4267
64.1244
59.4489
41.9733
78.2933
71.7867
71.7333
84.0356
87.6622
66.2578
56.6044
56.6756
56.8
56.9067
68.8533
75.7156
41.6178
43.8756
44.96
63.04
27.0222
61.8489
70.7911
42.3289
41.7956
82.3644
43.5378
43.9467
40.8356
42.7733
43.8756
43.9467
20.1067
43.2711
43.0933
45.7956
43.3067
68.2489
51.3067
67.7156
58.08
56.5689
43.9111
25.6178
65.1733
45.7244
42.8444
69.3867
69.3689
62.1156
42.72
44.3378
43.9289
60.5333
67.2711
64.4089
43.5911
53.28
67.5022
43.9289
43.9467
43.7156
43.8756
81.5111
81.5111
61.6889
43.8933
43.9467
37.2267
77.9911
64.1422
73.4933
41.9911
63.3067
71.8044
71.7511
75.3778
63.8044
63.8044
56.6578
56.7467
56.8889
57.0133
52.6222
75.7156
42.1333
43.0756
69.2267
63.04
27.0222
61.9378
70.7911
43.9289
42.3467
43.7156
43.8756
62.2222
43.8933
42.7022
56.2844
20.1067
20.1067
20.1067
68.1244
68.1244
68.1956
68.2844
46.4
59.0222
57.0844
43.9111
43.9111
42.1689
65.1733
43.9467
69.44
69.4222
69.4044
43.6622
42.72
43.9289
43.6978
66.5067
48.0178
55.04
64.4089
60.7111
67.5022
43.9467
63.6978
43.7333
43.9467
55.1644
81.5822
61.6889
43.8933
89.2267
53.1556
81.12
64.1422
60.48
63.36
66.1511
71.8044
71.7511
39.5022
63.1289
63.8044
64.0178
56.8178
56.9778
57.12
57.2444
57.3689
42.1333
43.8578
69.2267
63.04
27.0222
61.9911
75.4311
43.9289
68.0178
81.1911
43.8756
64.8356
62.3289
64.4978
20.1067
20.1067
20.1067
20.1067
20.1067
68.1067
68.1956
68.3022
82.2756
59.0222
43.9111
43.9111
41.0844
85.4222
39.4667
64.5156
69.4578
69.44
69.4222
74.0267
64.4089
43.5378
43.6978
43.9467
67.2
38.9511
49.6356
64.5156
64.5689
43.7333
63.0756
43.7867
85.0844
86.7733
58.3644
62.8978
54.3289
74.0978
42.6667
82.56
84.8533
84.8533
65.0311
63.5556
58.0267
65.1378
54.6489
54.6844
43.84
54.8089
55.1822
61.2622
55.2356
55.2889
61.5822
61.5822
64.1244
65.4578
62.1511
60.4089
60.6756
75.7156
65.1022
66.1689
66.1689
66.7733
63.5022
83.1289
20.1067
20.1067
20.1067
20.1067
20.1067
20.1067
20.1067
20.1067
20.1067
20.1067
33.1022
32.9956
56.8
48.8
32.7822
62.0089
65.28
49.6889
65.3333
60.5867
58.4356
33.4933
44.0889
61.1378
61.0133
62.2756
85.0844
58.0089
75.2178
64.0533
77.4756
65.6533
78.1867
62.8978
74.0978
41.4044
74.0978
42.5244
60.8889
84.8533
84.8533
65.0489
63.5556
58.0267
65.1556
54.6667
54.6844
43.84
54.8267
55.1644
62.8978
55.2711
55.3244
84.2844
64.1244
65.4578
64.8711
60.4089
60.4622
63.2711
83.4844
48.16
48.16
48.16
59.6089
83.1289
60.4444
84.5867
20.1067
20.1067
20.1067
20.1067
20.1067
20.1067
20.1067
20.1067
20.1067
20.1067
33.0667
56.7289
58.4356
32.8178
65.7067
65.28
65.3156
65.3689
60.5867
64.7289
37.0311
45.6178
61.7422
45.7956
62.2044
57.76
63.3956
40.0711
90.4
77.5467
65.9022
61.6889
74.0978
74.0978
58.3822
58.3822
57.12
64.0178
65.4222
55.2
65.4222
63.5733
89.4756
80.6756
80.6756
54.7911
83.3067
61.3156
55.1822
66.2222
64.6222
55.3422
62.5778
66.7911
64.3378
48.5867
64.3378
60.9067
83.4844
63.6267
62.9511
65.7422
61.28
77.9911
59.2711
59.1644
62.8622
68.9778
20.1067
20.1067
20.1067
20.1067
20.1067
20.1067
20.1067
20.1067
20.1067
20.1067
55.3778
56.7289
65.4044
65.76
55.3244
55.4133
55.5022
64.8889
57.3333
61.1378
61.7422
63.3422
59.9822
62.6133
47.2889
44.8533
77.4222
77.5111
77.6
78.0267
41.4044
58.3467
42.6667
71.7156
87.8756
73.7244
64.6933
48.7289
51.6444
62.0267
71.5378
65.5644
63.0578
63.0578
65.4933
45.8667
65.3156
71.4311
75.9644
64.8
64.1244
64.6044
63.4844
59.3956
63.3778
65.3156
58.7022
85.0311
63.6267
66.7733
54.5067
70.6844
57.3867
59.7511
63.1289
63.1111
65.4933
84.7644
20.1067
20.1067
20.1067
20.1067
20.1067
20.1067
20.1067
20.1067
20.1067
20.1067
64.1956
59.4667
51.8578
65.6356
65.3511
55.5556
89.44
66.2756
20.1067
34.56
83.9467
40.7822
45.7956
41.8667
73.1733
65.6533
90.4
77.6533
48.0889
45.6533
69.92
83.3244
42.5244
64.5511
61.1911
66.4711
60.5511
63.2533
60.2844
64.2667
54.2222
65.6356
63.0044
63.0578
45.9556
63.4667
62.4356
59.8578
61.7422
46.5067
82.9867
62.8089
59.3956
63.9111
63.52
70.0267
49.2267
59.7333
58.3289
83.1289
66.1333
59.4667
57.3867
59.9111
51.8044
64.7822
63.52
20.1067
20.1067
20.1067
20.1067
20.1067
20.1067
20.1067
20.1067
20.1067
20.1067
66.1689
33.4578
63.3956
63.4311
64.7289
65.4756
55.7156
89.4578
60.9067
41.6711
65.0311
63.9644
45.6178
43.8933
71.7156
70.4711
70.4711
77.6889
77.7244
84.0356
65.3156
75.0933
62.6133
57.0311
63.6978
62.72
64.3911
60.32
62.9511
75.2533
60.8
65.6711
63.0044
63.0578
46.08
62.1333
62.6844
59.8578
61.7422
75.7689
63.84
91.8933
63.8578
73.5644
61.6711
70.0978
57.3156
61.7956
50.5956
59.5378
59.3956
59.3956
59.4311
63.4133
51.8756
58.8978
61.2622
61.4222
20.1067
20.1067
61.2444
62.88
20.1067
20.1067
20.1067
20.1067
20.1067
62.5422
58.7556
77.3689
65.6356
64.3378
55.6267
55.7689
55.9289
65.9378
64.4267
41.0311
45.0133
20.1067
68.8178
71.7156
36.9778
70.4711
89.4222
77.6356
77.7778
72.9067
67.3067
62.3289
62.6133
58.8444
64.2667
64.9422
57.12
57.6889
53.2444
58.0267
54.7911
58.24
53.4933
55.1289
62.2578
62.2044
48.2311
64.48
75.7511
45.7956
45.7956
91.9822
58.4178
83.4133
85.7067
70.1511
70.6667
59.9289
60.0533
65.7244
65.3511
67.6978
57.2089
65.44
65.3867
58.8978
63.6622
63.6622
66.1689
63.0044
80.4444
91.0044
64.1422
64.0178
20.1067
20.1067
20.1067
62.24
62.24
60.1244
64.4622
32.8356
32.9778
33.1378
65.8311
65.9911
66.4178
77.0667
46.1333
65.3867
78.1867
60.5689
63.2889
70.2933
70.3467
70.3289
82.7733
58.2933
62.3289
62.6133
63.5022
64.5156
64.9422
65.6533
80.3556
93.3511
57.9733
55.2178
58.24
54.9333
53.6178
62.3467
62.2933
48.2311
65.6
48.1244
45.7956
45.7956
65.6533
58.4
58.5422
65.3867
64.7289
70.7022
58.1867
60.1244
71.9111
65.3511
65.3689
57.2089
61.7422
57.6889
61.2978
63.6622
55.2
63.0044
63.0578
61.6889
90.4711
57.8489
64.0889
61.7244
64
65.3689
62.0622
58.0089
58.88
83.5556
60.0533
33.0133
33.1733
65.8489
63.2889
55.4667
70.3822
70.3822
38.4889
63.5022
62.3289
79.7333
85.9378
63.52
64.9422
79.1467
57.7067
64.6578
46.56
54.3644
86.8622
54.9689
54.5422
62.4533
62.4
65.44
64.48
52.5867
45.7956
62.9867
58.88
63.2
60.5689
65.2444
64.6044
64.8711
60.0711
60.1956
54.9867
65.9556
76.6222
56.2844
59.5733
63.1111
74.8267
53.7778
63.2178
59.68
63.84
44.5689
65.3156
57.8489
64.1422
66.1867
64
64
60.2311
60.9244
59.1644
83.9822
63.3244
63.4667
63.6089
56.0356
58.1156
61.7956
64.1244
61.1022
65.2978
56.32
65.4044
64.5333
59.4844
70.6311
70.3289
70.4178
76.2844
65.8844
63.5022
62.3289
62.3289
73.6356
63.0578
54.9156
79.1467
45.9378
93.3511
58.9689
54.1867
57.2089
54.8622
54.72
62.56
54.3467
65.4578
66.08
56.8356
62.9867
62.9867
65.6533
87.2356
83.3956
60.6933
64.6044
64.1422
63.9289
62.0622
49.44
72.0711
66.0444
58.2222
50.5422
64.5511
63.1467
63.2
63.1822
63.0933
44.5689
60.8711
60.8711
62.1333
48.1067
66.1867
64
64
63.7156
60.9244
60.2489
83.5556
52.6044
52.8
53.0133
65.8489
65.5644
61.1022
61.1022
61.1022
65.4044
65.4044
65.4044
45.1911
45.2267
82.3467
64.32
64.5156
64.7289
41.7067
62.7911
62.3289
62.6133
73.6356
45.12
54.9156
79.1467
45.9378
62.0622
42.7911
54.8444
64.5333
54.6667
55.04
62.6844
62.6311
65.5111
64.5333
61.3689
57.1556
62.9867
65.9378
63.3067
63.7689
64.96
59.5556
64.1422
57.4578
56.8
64.2311
72.0711
61.76
57.9733
59.6267
64.3556
64.2844
62.5422
63.2
63.1822
44.5689
63.2711
60.6044
48.1067
66.2756
58.7378
63.6978
63.6978
58.6133
61.9556
48
83.5556
48.6044
52.8356
53.0667
56.0889
65.6711
63.9467
63.9644
65.4044
61.7422
61.92
61.92
59.1289
64.7822
82.3467
62.9333
64.5511
64.7822
38.4889
62.7911
62.3289
62.3289
62.5067
45.12
54.9156
80.3733
59.4844
61.5467
63.5556
54.5067
65.4578
73.0311
55.04
62.7556
62.7556
65.6
66.3111
64
57.8311
71.4667
63.3778
90.24
65.92
54.56
65.3511
56.1778
57.4578
60.6756
61.3867
61.28
76.6222
64.1244
62.8444
61.4044
61.4222
61.2444
61.3689
59.6089
61.1911
61.8311
64.2489
63.3956
62.1156
63.4133
64.7644
63.3067
64.8356
58.8267
63.7689
81.2622
51.0756
51.3067
63.6089
56.0356
63.04
62.2933
65.9733
48.1778
55.3778
61.2089
75.8578
66.5778
55.1289
62.6311
53.6356
53.8667
70.5956
85.76
62.7911
62.5067
63.04
62.5067
45.12
83.3422
80.3733
84.2667
71.1467
63.8933
56.16
71.4667
65.9378
62.88
83.3422
64.1422
56.6933
64.32
57.8667
62.4178
62.4178
72.0711
65.6
54.7733
61.7956
61.4222
84.2489
60.2844
59.6089
60.48
61.1911
64.2489
63.36
63.3956
63.4133
64.96
64.7289
63.9467
58.8267
58.8267
58.8267
83.4844
77.2978
62.7911
41.7956
65.4578
63.0044
66.4
65.9378
65.9733
48.3378
55.5378
63.2178
76.0178
62.9689
65.3333
64.48
62.8089
63.0222
59.84
64.0178
63.04
84.0178
62.5067
75.8222
83.4844
80.3733
84.2667
63.2711
83.8578
54.8267
59.5911
59.84
66.1156
63.6267
71.1467
87.6089
86.4
71.4667
61.4222
61.5644
62.0622
64.48
60.1244
64.2844
65.3511
62.4178
64.0356
57.2622
64.7467
63.8578
61.7956
61.5644
65.76
61.12
63.0578
60.48
61.1911
61.4756
63.36
63.3956
61.28
64.8356
64.6933
65.2267
58.8267
54.0444
65.8489
63.8044
72.16
59.0044
53.9378
63.7689
59.2178
62.1156
65.9378
64.3911
63.9644
64.4267
63.2178
76.0711
62.9689
65.3333
54.0978
65.4578
63.0222
41.7067
64.0178
63.04
63.04
63.4667
75.8222
83.4844
64.1244
58.6667
65.3156
63.6267
62.5244
63.04
57.4756
56.16
63.3778
79.3244
86.4533
63.4133
64
54.6311
65.3511
64
71.9289
60.1244
65.6178
62.0978
62.9156
64.0356
62.0444
27.8222
63.9822
63.2356
61.1378
63.9822
62.08
71.5556
63.52
91.4667
63.4311
62.4711
63.2356
30.9689
63.3244
65.2622
61.3156
61.44
64.6222
23.9467
64.6578
51.1289
51.3956
51.6622
84.8356
56.96
56.96
58.7022
28.7289
42.0444
65.2978
71.6978
62.9156
45.0489
65.5644
53.6889
53.9556
54.2222
42.6311
64.0178
63.04
76.2133
77.3689
75.8222
65.1022
61.9733
58.2933
54.8267
62.5244
62.5244
62.9867
65.2978
61.2444
58.88
62.3467
79.3244
86.4889
63.8044
64
66.24
86.3111
83.2889
65.7422
60.4978
65.6711
61.76
63.52
53.7422
57.28
76.7822
51.04
61.7956
63.4311
66.1333
60.6756
81.5111
71.7156
81.12
78.9867
61.8667
84.8711
62.4178
30.9511
65.3511
86.08
61.5822
61.44
65.0311
63.8222
77.2978
83.9644
64.32
85.3867
63.5378
56.96
58.7022
64.8356
63.1467
64.4444
62.8089
62.9156
45.0489
63.6089
65.4578
62.1333
65.3156
38.3644
59.36
63.04
76.2133
77.3689
63.1467
81.5467
56.0889
78.0089
63.84
74.1689
61.7778
55.68
59.36
66.2044
61.3689
64.3378
54.2044
57.2622
64
66.3289
86.3822
61.9556
60.4978
60.5689
65.7067
20.1067
62.4533
62.7022
52.3556
76.8178
52.16
61.7956
63.4844
66.1333
79.5733
81.5289
71.7689
81.12
78.9867
64.2844
84.8711
62.4178
64.4978
57.1378
86.08
61.5822
61.44
65.3333
63.8578
63.3778
65.5644
72.1778
64.96
63.3422
18.0444
62.3644
59.0578
81.7778
63.5733
62.0089
63.2711
81.2622
61.2267
42.4711
64.16
64.4089
38.4889
59.36
62.9689
76.2133
65.5111
63.1644
81.5467
51.0756
61.0667
57.8311
78.9156
20.1067
60.6756
59.5733
64.96
62.7911
64.3378
58.0444
57.2622
58.5956
12.64
13.0667
61.0311
59.8756
60.64
65.7067
62.88
63.7333
65.12
64.32
47.9467
62.5956
63.2356
61.0489
91.84
91.8222
62.5422
60.5867
60.4978
60.3022
63.0933
63.3778
65.4222
65.7244
59.36
59.36
61.7067
65.1378
60.0889
63.3778
55.2356
65.4578
72.2489
72.32
78.0622
18.0444
68.0711
63.84
63.6089
62.1867
64.8889
63.2711
63.0578
62.7022
62.72
65.3156
63.2178
64.1244
59.36
62.9689
65.8489
64.4444
64.4978
60.7467
80.3733
74.5244
60.1422
20.1067
58.9511
82.1511
63.3778
65.12
62.7911
64.3378
83.3067
58.0089
63.4311
65.8844
84.9244
83.2356
64.8178
60.6933
65.2444
63.9467
51.3244
66.1511
53.3867
52.3556
59.84
65.8844
61.8133
91.8578
91.84
61.1733
60.64
61.1556
61.5467
63.1289
63.2889
61.3867
65.5822
59.36
67.8933
61.7067
59.0578
65.0311
55.2356
63.5556
63.7689
72.32
72.3911
72.4622
47.9644
47.2889
63.5378
63.3067
61.3689
26.4178
65.12
62.6311
62.7022
65.6178
61.76
62.0444
62.4533
63.2178
62.4178
65.8489
63.2533
64.1067
65.8667
73.1556
74.5422
59.5556
56.7289
59.9111
62.2222
66.2933
64.5511
59.7156
68.8711
78.2578
78.24
73.5822
65.8844
84.9244
62.1689
61.76
60.7111
74.72
74.7733
63.6444
64.9956
59.8222
53.3867
60.0178
65.8844
61.8133
91.8578
91.8578
60.5867
60.6756
61.0311
60.9244
63.1467
63.2
59.5556
65.5111
60.4622
67.8044
79.1111
59.0756
65.0311
32.0711
63.5556
61.3156
72.3556
72.4267
72.4978
48.3733
47.2889
58.8444
49.4756
59.1289
61.2978
67.2533
57.9022
63.4311
64.4978
61.76
62.0444
59.4844
63.2178
62.4178
65.8489
58.9689
64.48
63.4489
64.3556
56.48
68.9067
78.2756
78.2578
58.3644
12.8533
13.3333
13.7244
40.9244
60.7111
61.4578
62.08
64.2489
61.2444
59.8222
61.6178
61.9022
61.8489
61.8133
60.2844
59.5733
78.2933
60.4444
61.0844
59.4667
60.4978
64.2311
59.5733
60.5511
64.0711
67.8222
63.7333
60.0889
64.3378
77.28
63.5556
61.0844
72.3733
72.4444
72.5156
55.84
63.8222
52.8
54.5422
57.4933
61.1022
62.8444
62.8444
63.36
65.7244
62.0267
61.1556
53.6
63.2178
62.4178
65.8489
58.6489
64.0533
21.6
87.6978
59.2
19.2533
19.2533
32.8711
61.9378
61.9378
63.4844
62.8622
62.8622
64.3911
68.9067
78.2756
58.3289
58.3644
64.64
84.9422
83.3956
58.8089
60.7111
63.84
64.9778
77.12
65.4756
57.4933
63.4489
64.9422
65.8844
59.68
57.9911
59.7511
61.4756
60.4444
69.9911
60.3733
60.4978
64.2311
61.12
60.5511
64.3022
60.4267
65.8667
82.8444
64.3378
60.9244
63.5556
61.0844
72.3733
65.44
72.5156
65.5111
73.3511
66.2044
54.5422
64.0178
28.4978
66.4533
59.6267
66.0978
63.6089
58.3467
63.9822
52.7822
62.0267
62.4178
62.9867
22.2578
92.1067
62.2933
52.5333
43.2533
19.2533
60.2311
59.4667
59.4667
48.1956
62.8622
62.8622
64.3911
38.6311
63.7867
49.76
60.8356
58.3644
57.4933
63.4489
65.1556
66.3822
60.3022
57.9911
61.6711
61.6711
57.4044
65.28
50.6489
63.1644
64.64
63.5378
64.3733
62.5778
63.3067
82.8267
56.16
60.8711
61.8133
62.5422
64.8178
65.44
65.8844
63.84
63.9644
59.4489
61.1378
90.0089
62.6844
64.3378
76.5156
81.9733
63.36
89.0311
62.9689
66.5778
64.7644
62.1689
62.4178
56.3022
58.0267
88.3556
66.0267
89.2622
43.2533
63.3422
63.36
63.36
63.36
48.16
32.8711
62.8978
48.16
61.28
64.0889
53.4044
81.5644
57.3333
35.8044
63.4844
77.2444
92.0533
84.0889
65.76
58.5778
58.2756
59.3244
65.6533
60.4089
62.1156
57.9911
60.1422
65.5644
57.4044
70.24
47.6267
61.5822
66.0978
63.5378
65.7956
62.5778
63.3067
65.1556
61.0311
60.9244
63.9644
54.9156
63.68
64.6044
65.8844
62.56
64.8356
76.3556
66.2578
65.2622
62.6133
63.84
76.4978
81.9733
79.9644
64.9778
61.6889
54.1511
64.7644
62.1689
65.8844
56.3556
82.0444
45.44
66.0267
54.88
43.2533
56.2133
56.9778
41.1022
37.6889
58.4533
65.76
64.5333
61.4933
61.28
64.0889
79.1289
81.6889
57.3333
65.3511
62.88
65.3867
92.0711
42.0267
62.0267
85.7956
58.2756
60.9244
65.3689
66.4178
62.1156
65.4933
63.5911
60.1067
57.9733
70.3644
80.7467
43.6089
43.6089
63.52
73.7778
64.9067
46.6844
61.2267
61.12
63.0756
65.0311
65.9733
91.2356
66.2933
68.7111
62.56
64.8356
59.4133
41.2978
89.6356
62.6133
43.3244
66.3644
59.52
79.9644
30.2933
80.8533
64.1422
64.7644
67.7867
66.0978
56.4089
82.0444
63.5911
66.0267
56.8889
57.9911
61.9378
61.1556
56.9778
41.1022
55.2356
38.7733
65.6178
63.0578
64.0533
81.2978
79.2533
81.8133
57.3333
77.2444
65.3867
65.3867
60.6578
61.6889
63.3067
72.4444
63.2889
60.9244
60.9244
65.3333
85.9911
62.1156
65.4933
63.5556
64.1244
59.4489
64.6222
51.6089
58.1333
55.3778
63.5378
64.5511
65.92
61.6
83.5733
61.2089
63.6622
63.9467
65.9733
47.5378
58.6667
62.9867
62.7378
66.3111
59.4133
63.4311
65.0311
63.6267
64.1778
43.68
58.9867
79.3956
63.9289
64.6756
61.76
61.9911
67.7867
66.0978
56.4622
82.0444
63.52
84.3556
66.0978
54.6489
63.1644
61.7778
60.32
59.68
52.3378
63.9644
61.3689
65.6178
62.2933
81.4222
79.3778
81.9378
79.0756
63.4489
51.3422
66.9333
64.0356
57.7956
64.2844
61.4756
60.9244
60.9244
62.4178
52.5511
65.4933
64.6044
64.8
62.6489
61.28
70.6133
47.1111
55.36
61.7422
63.8756
88.5867
65.92
64.4622
83.6089
86.0622
58.5422
63.9644
64.3733
63.6622
66.24
66.24
65.8667
64.8533
59.4133
63.84
63.6267
62.7556
70.7556
43.7156
65.1556
62.72
61.3156
50.1156
80.7289
61.9911
67.7867
66.0978
56.5156
58.7556
63.52
60.3911
61.9022
50.5422
81.7244
63.1467
67.52
63.3422
63.3422
65.2267
64.0711
61.44
79.0222
49.3511
79.5022
82.0267
79.0756
64.16
64.4622
20.1067
65.0489
60.9422
64.1778
88.1422
60.9244
65.92
62.4178
60.7822
60.6756
62.6844
64.8178
62.6489
62.6489
70.7378
53.6533
55.36
62.3644
70.5956
86.9156
63.7156
58.8267
83.68
87.1644
86.1511
60.48
64.7111
58.7556
65.6178
51.2356
65.1022
64.3556
63.7689
50.6489
55.84
70.9511
70.8267
55.6622
64.7289
48.4622
61.7778
62.7378
63.5911
64.6933
84.9778
66.0978
56.5689
59.6089
86.5244
72.4267
58.6133
69.5111
81.6533
62.1156
63.3422
82.08
63.3422
65.2267
70.0444
64.0711
47.5733
65.5644
79.5733
82.0978
79.0756
63.0756
20.1067
81.5822
60.6933
85.7956
65.1556
88.1422
65.8844
65.92
66.7378
59.4133
60.9244
57.1378
63.2711
62.1511
62.1511
70.8622
42.3644
53.6533
61.7956
71.84
61.4756
57.8489
61.8844
83.7689
84.0178
86.24
60.48
63.9111
58.7556
61.2622
63.8044
67.9644
62.4889
65.6889
59.1289
50.6311
47.2711
70.9156
55.6622
62.8089
89.1556
61.9556
59.5556
20.1067
61.9911
84.9778
66.0978
56.6222
62.5244
37.5822
37.5467
53.3156
85.6356
81.5822
62.1156
62.9511
62.2578
55.4844
63.9644
70.0622
69.9733
64.0356
58.5778
79.6267
82.1333
82.0622
60.6044
66.9511
61.8489
78.9333
65.0311
63.4133
62.4711
66.0444
65.92
65.3156
53.12
61.0133
64.9422
62.5778
62.1511
62.1511
70.9689
55.0222
51.8044
72.0356
71.9111
63.5378
57.8489
62.6311
83.8578
84.0178
86.3289
60.4089
63.9111
61.2622
64.8
85.6889
89.4578
66.1333
63.7689
62.1511
48.1956
49.2978
70.24
20.1067
89.1556
48.3378
62.8267
20.1067
20.1067
61.9911
84.9778
66.0978
56.6578
62.0978
35.04
72.5333
81.7956
81.8667
81.5111
91.4311
62.7733
82.08
82.08
59.1644
59.8933
69.9556
70.0622
72.8711
79.6622
82.1689
77.9022
63.3067
84.6044
65.3156
59.4489
61.0133
65.8311
62.5778
62.1511
62.4178
71.04
51.4489
72.2489
72.1244
72
63.5378
57.8489
64.0889
64.0889
84.9778
86.3822
60.48
62.0267
64.8
64.6044
85.6889
89.1022
63.7867
63.7689
62.0267
62.24
63.1111
62.2756
59.5556
89.1556
60.0178
20.1067
20.1067
20.1067
61.9911
84.9778
66.0978
57.7956
85.7067
35.04
72.5333
81.8133
81.8844
81.9556
66.0444
62.7733
43.7511
82.08
57.1733
63.3422
64
61.7244
64.1067
61.4756
64.8356
54.9511
64.9956
65.1022
65.2267
65.3511
65.4756
65.6
65.7244
65.8489
65.9733
61.2267
84.6044
65.3156
60.7644
60.9244
65.6178
66.0267
64.8178
62.4178
71.0756
43.7689
72.3378
72.2133
72.0889
61.6356
57.8489
60.9778
64.0889
84.7467
86.4178
66.2578
62.72
62.9333
83.04
56.9067
66.24
63.52
67.1467
59.5378
59.8578
64.6578
59.6444
59.5733
63.2
20.1067
20.1067
20.1067
20.1067
64.6933
84.9778
66.0978
57.7956
85.7067
35.04
61.3689
81.8133
81.8844
57.3689
63.1111
64.9422
60.3733
64.8711
63.0933
63.2356
66.1689
52.3911
68.8889
68.8889
64.8889
54.9511
65.0667
65.1733
65.2978
65.4222
65.5467
65.6711
65.7956
65.92
66.0444
61.2267
61.4044
63.6622
64.2133
84.6578
65.3156
65.9556
64.7111
62.4178
71.0756
43.84
72.4444
72.32
72.1956
63.5378
57.8489
65.8489
64.0889
87.1644
51.52
63.5378
66.4178
58.7556
63.8044
78.1689
65.3333
62.4356
59.4489
45.1733
63.2711
59.3067
59.52
59.5911
20.1067
20.1067
20.1067
20.1067
20.1067
65.12
85.1378
66.0978
57.7956
85.2622
63.36
76.4622
64.4267
63.6444
57.3689
38.6311
57.8311
64.4267
57.6
65.44
63.1289
55.6978
63.1467
60.1244
63.5733
64.9422
63.4489
71.0222
71.1467
71.2711
71.3956
71.52
71.6444
71.7156
71.7689
71.8044
61.2267
61.4044
63.9644
63.0222
62.72
64.9956
58.3822
65.0667
56.9067
71.0756
43.84
61.1556
72.4267
72.3022
89.8489
57.8489
57.2978
63.8044
47.9822
51.52
63.5378
66.3289
60.8889
61.4578
78.1689
66.3822
58.8622
58.6667
60.1778
56.6044
62.4533
57.4044
20.1067
20.1067
20.1067
20.1067
20.1067
20.1067
88.4089
62.4533
61.3333
60.9422
63.6267
64.1422
64.3378
63.4133
53.5289
65.2444
69.7956
64.3378
65.1556
63.7867
62.8089
49.4578
76.2667
58.08
57.5822
80.0533
65.12
56
59.2533
65.1378
54.2578
55.3778
59.4489
63.52
51.8044
64.5156
40.2667
63.8578
61.4044
63.9644
58.4889
62.24
85.5822
64.8711
62.5244
56.9422
71.0756
73.7067
62.9511
55.6267
72.4267
63.4133
66.08
65.7067
45.6
57.1556
51.52
63.5378
62.3822
64.4089
86.4533
61.7067
88.4267
63.68
59.4489
59.9289
59.0222
64.8178
20.1067
20.1067
20.1067
20.1067
20.1067
20.1067
20.1067
65.12
29.6
58.5956
82.0444
30.24
86.2756
64.3022
58.6311
24.6044
24.6578
24.6756
30.9689
65.1556
62.8089
26.2578
27.36
61.6
60.6933
60.3022
61.3156
79.8044
62.8089
62.4889
65.3511
62.2578
55.9111
52.9244
61.9911
62.3822
59.8222
59.7156
59.2356
61.9378
63.9644
56.2667
61.3867
62.8267
59.0933
64.3556
56.9956
73.9022
73.7778
62.9511
55.36
63.2711
62.7733
53.3511
62.4356
61.8844
62.5956
57.1022
63.5378
57.7067
63.4844
92.1778
80.0356
77.0667
66.1156
63.4844
57.0667
65.3156
64.5333
20.1067
20.1067
20.1067
20.1067
20.1067
20.1067
20.1067
64.48
62.7733
63.9111
65.4044
56.6578
86.24
56.7289
56.7111
82.2933
24.6578
24.6756
30.9689
64.16
64.3022
55.0933
61.4756
62.5422
48.7467
60.3022
64.32
79.8044
68.1244
62.4889
65.3511
70.8978
33.5467
64.3378
66.2756
64.9422
47.1822
59.4489
77.5289
61.2978
62.5244
64.2844
56
65.28
70.2756
63.1822
74.1156
73.9911
73.8667
62.7911
71.5556
71.5556
63.4667
57.9911
82.6311
63.8222
84.0178
61.9556
62.1156
63.1289
60.8
79.4667
58.5422
76.9422
89.9022
58.6667
59.1644
66.4711
53.44
20.1067
20.1067
20.1067
20.1067
20.1067
20.1067
20.1067
65.3333
62.5067
58.7022
63.8044
30.24
63.2533
30.24
24.6044
24.6044
58.7378
60.6933
63.8044
60.6933
59.3778
54.9867
61.4756
63.2356
63.2356
64.9778
64.9956
65.1378
84.8
65.4222
65.5644
59.2
64.1244
33.2978
62.1867
66.1867
66.3111
66.4356
64.3733
83.2
51.8578
20.1067
60.7822
61.0133
63.5378
61.9022
74.2044
74.08
73.9556
61.7422
52.9244
53.76
62.4178
62.3467
82.6311
64.6933
87.9289
57.1022
64.9067
64.0533
61.0311
63.3422
61.0489
65.9022
89.7778
58.9867
55.7689
56.7111
54.4356
20.1067
20.1067
20.1067
20.1067
20.1067
20.1067
20.1067
65.3333
79.3956
58.7022
60.3911
57.8311
63.2533
58.8267
25.7956
44.4267
62.6667
62.8089
63.9467
59.3778
59.3778
63.5911
65.7067
63.04
63.2356
64.9956
61.92
65.1556
52.3378
65.44
55.4311
64.1422
76.5156
63.6978
48.4089
66.2222
66.3467
24.9244
63.8578
59.2533
20.1067
20.1067
20.1067
20.1067
58.2044
62.2044
74.3111
74.1867
72.8533
60.6756
53.5644
61.9556
53.76
20.1067
59.5378
69.4756
57.3511
64.1244
61.6889
66.6311
64.96
80.0356
61.0489
65.9378
56.4622
68.3556
63.8756
50.4889
20.1067
20.1067
20.1067
20.1067
20.1067
20.1067
20.1067
20.1067
65.3333
64.6044
63.8044
62.7378
57.8311
58.3467
60.2489
63.5556
44.4267
44.4267
64.6044
63.9467
59.3778
63.5911
64.0356
61.4756
23.2
63.04
23.4489
51.1644
65.1556
52.2489
65.44
24.4267
62.3289
60.9778
43.4489
20.1067
66.2222
24.8889
20.1067
72.1778
20.1067
20.1067
20.1067
20.1067
20.1067
20.1067
50.3111
73.1556
73.0489
64.48
63.9111
64
20.1067
20.1067
20.1067
20.1067
69.2978
58.1867
62.3822
63.52
60.8889
88.1778
69.1378
61.0489
65.6889
64.9067
63.4667
63.3422
62.5067
50.2222
20.1067
20.1067
20.1067
20.1067
20.1067
20.1067
20.1067
