94.68
91.04
91.04
90.6
0
0
0
0
0
87.6
0
0
0
88.44
83.24
83.24
83.24
90.56
0
0
93.92
88.6
88.88
88.88
74.12
96.72
96.04
96.6
90.96
94.36
94.72
94.4
91.04
80.28
80.28
96.88
90.36
87.52
97.36
93.44
95.56
95.56
96
96
94.68
80.24
80.24
90.92
0
0
0
0
0
88.16
0
0
0
94.48
83.24
83.24
90.32
90.32
0
0
86.44
90.36
88.88
96.2
94.64
96.72
96.6
96.6
90.96
80.32
67.92
94.4
80.28
80.28
73.12
90.36
90.36
87.48
89.64
96.24
81.36
96
96
96
94.68
96.96
80.24
92.32
98.88
0
0
94.76
94.76
88.16
94.76
94.92
94.92
96.88
90.24
83.24
90.32
98.8
90.24
90.24
89.44
88.88
96.2
83.84
73.32
94.76
90.96
94.36
80.32
80.32
67.92
80.28
80.28
80.28
90.36
90.36
82.8
93.84
95.36
67.16
96.28
92.76
96
96
90.56
96.96
87.6
91.64
83.28
95.2
95.2
94.76
94.76
88.16
94.92
94.92
86.56
96.88
90.24
92.64
98.8
98.8
96.16
96.16
86.6
91.08
89.36
83.84
99.44
86.92
91.84
80.32
80.32
80.32
95.76
96.96
99.12
99.16
87.92
98.8
90.04
96.56
85.72
67.16
88.6
96
96
96
96.64
96.64
87.6
91.64
94.24
95.2
95.2
94.4
94.4
89.44
70.64
94.92
90.24
92.08
90.24
90.16
98.8
89.2
96.16
96.16
86.6
93.88
93.84
90.44
92.96
86.92
81.56
95.2
80.32
96.8
93.32
84.48
99.12
96.16
96.6
93.2
89.6
90.2
91.32
84.24
90.96
73.32
96
96
96.64
96.64
87.6
93.04
90.04
95.2
94.96
90.52
97.24
78.48
94.2
97.36
90.2
92.08
100
90.16
97
86.76
79.24
98.56
86.6
89.48
89.48
89.28
96.4
89.24
78.2
93.04
91.04
88.64
91.92
84.32
92.28
94.24
86.96
94.08
89.76
99.72
91.32
69.92
87.64
73.72
90.28
96
95.52
99.44
99.44
88.08
89.6
90.28
99.52
80.92
80.92
94.96
85.32
94.72
93.2
96.12
100
90.16
95.2
77.28
96.08
94.84
90.16
89.48
92.36
89.28
99.88
90.08
97.72
88.96
72.12
100
87.56
84.44
87.16
82.76
88.72
92.08
88.76
92.28
96.92
99.56
89.56
94.96
90.76
96
95.52
90.56
99.44
78.24
89.32
94.6
83.04
88.16
88.16
94.96
77.44
91.56
92.44
96.12
87.88
88.48
95.2
77.28
92.36
93.2
91.48
92.36
95.28
89.72
93.44
90.08
97.72
79.52
86.04
85.12
90.48
86.2
82.76
75.12
89.36
92.08
88.84
86.52
92.24
95.08
99.16
98.8
91.76
91.32
95.32
98.16
91.4
85.08
78.84
93.76
90.24
75.36
73.4
73.4
86
86
86.44
95.12
85.72
100
81.6
92.36
92.36
91.52
91.72
92.36
95.28
97.4
97.6
77.24
97.72
79.52
86.52
97.2
91.56
87.48
91.4
91.4
94.24
95.16
92
96.48
91.76
96.52
99.16
100
90.32
96.16
91.2
98.16
94.84
83.56
89.36
91.36
90.24
75.08
75.08
88.84
77.44
79.2
84.88
98.64
86.16
99.04
95.92
99.04
82.36
97.24
84.48
90.32
91.72
97.4
93.44
94.64
87.04
79.52
86.52
85.12
91.48
91.28
86
93.2
89.48
96.56
92
99.84
91.76
90.76
89.64
98.24
98.24
96.28
91.2
97.6
92.2
83.24
79.44
92.16
97.84
75.08
75.08
74.84
84.76
90.64
82.08
98.64
86.12
99
94.92
86.12
94.52
89.88
83.52
96.32
91.72
91.04
94.4
94.64
86.92
79.52
78.76
78.88
91.24
95.88
89.92
87.56
89.48
94.72
84.04
95.08
90.6
85.56
90.08
94.76
91.88
97
91.2
89.08
97.32
83.24
88.4
87
97.96
75.08
74.84
74.88
83.64
88.84
78.16
94.88
86.12
94.84
96.36
89.48
91.72
83.52
94.8
94.08
91.72
97.28
88.64
88.2
86.92
79.52
89.76
85.32
90.32
90.36
81.36
0
95.68
94.72
0
95.08
92
85.56
93.44
94.76
91.88
97
91.2
89.08
93.68
87.88
85.24
66.24
95.76
74.84
74.88
74.96
96.52
91.84
96.52
93.48
86.12
81.6
96.2
95.8
89.32
80.8
82.6
96.88
85.56
97.28
76.8
96.12
93.48
93.28
91.2
92
86.92
93.72
94.52
93.76
92.12
0
0
91.56
92.08
82.6
81.72
0
91.76
97
93.04
91.68
96.52
90.44
84.32
87.8
94.04
75.76
74.96
75.08
88.36
84.6
79.56
86.56
87.52
96.08
96.2
92.12
97.96
97.96
85.68
90.2
89.44
82.44
97.64
87.44
93.48
95.84
92.48
93.08
90.16
99.76
91.64
93.76
92.12
0
99.28
93.04
92.12
82.6
92.8
87.32
91.76
97.6
93.04
91.96
96.52
90.44
97.6
90.08
93.64
75.52
86.4
75.2
79.12
89.36
80.24
80.2
73.88
96.2
96.2
93.16
78.72
80.4
78.2
90.2
87.4
97.4
97.64
99.76
93.48
74.16
92.44
94.68
94.76
90.96
91.08
93.76
82.44
91.44
89.64
95.2
95.48
82.6
81.72
92.8
91.76
97.6
93.04
91.96
96.52
85.08
82.4
90.08
92.68
75.56
75.72
82.88
77.64
90.12
86.56
94.44
80.2
96.2
96.2
92.12
78.76
78.92
86.12
90.2
96.12
88.64
97.64
95.96
76.12
74.16
91.16
95.16
98.16
92.12
92.12
82.44
82.44
91.44
89.56
88.72
0
0
87.32
88.56
87
97.6
93.04
91.96
85.64
89.12
94.6
95.16
91.32
75.6
75.72
77.6
91.32
85.84
88.04
86.68
94.56
55.4
96.2
92.12
96.92
91.12
90.64
90.2
98.48
98.2
90.08
95.96
94.24
95.68
95.68
94.44
98.84
83.36
96.52
94
82.44
98.44
89.48
75.8
0
0
75.52
88.56
87
96.4
92.32
93.92
85.64
94.88
93.24
95.04
95.04
95.04
79.28
95.28
96.16
97
97.24
97.24
97.24
87.04
94.2
92.12
100
95.68
87.36
90.2
98.8
98.88
90.2
97.16
99.24
95.68
98.04
94.44
95.84
91.36
94.6
99.28
98.08
99.32
89.4
92.64
0
0
92.48
86.76
87
91.64
93.92
93.92
94.92
93.24
88.16
92.76
95.04
95.04
95.28
92.96
85.72
97.24
97.24
97.24
85.2
87.04
91.36
98.24
90.6
96.44
94.24
90.2
99.08
99
98.88
99.96
94.24
100
93.16
96.08
96.76
96
93.08
99.28
98.08
99.28
89.4
95.96
92.6
94.16
91.08
90.4
87.6
0
83.84
93.92
95.16
93.24
88.16
92.8
93.84
92.28
96.16
95.88
83.56
97.24
97.24
85.2
85.2
87.04
91.36
98.24
88.64
96.44
92.64
99.96
90.6
90.56
90.48
99.8
93.8
100
93.24
99.6
96.08
91.68
96.08
99.28
98.08
99.28
88.16
91.4
92.6
94.16
0
95.76
0
0
94.88
85.96
95.16
93.4
88.32
85.36
90.84
90.84
91.2
99.44
96.44
83.76
96.44
94.04
94.84
96.88
94.8
86.84
88.64
96.32
99.76
99.96
90.64
90.6
90.56
97.76
93.84
100
93.36
95.64
96.08
94.96
88.52
99.28
98.08
99.28
99.28
87.08
92.6
92.36
85.52
0
0
0
94.88
82.6
84.48
93.4
88.32
92.28
90.84
90.84
67.88
99.44
99.48
91.08
89.12
94.16
93.72
92.6
87.16
87
88.64
88.88
92.64
99.96
90.64
90.6
90.56
95.48
93.84
92.08
93.48
98.48
96.08
95.72
100
94.64
98.08
94.64
93.12
87.56
91.36
92.36
87.56
88.04
84.56
0
94.88
82.6
83.92
97.8
98.04
90.84
90.84
90.84
67.88
99.44
94.88
96.16
93.28
86.12
87.44
87.4
87.32
87.2
94.56
92.6
92.64
93.24
75.92
90.6
90.56
98.56
99.28
84.16
93.6
98.48
96.84
97.04
81.68
94.64
98.08
98.08
93.12
92.48
83.4
92.36
93.48
91.36
84.24
0
94.92
82.6
83.64
95.64
90.28
92.6
90.84
90.84
67.88
96.96
96.96
94.76
95.04
95.36
94.56
87.52
87.48
95.64
88.68
93.24
93.32
93.4
75.92
93.8
91.84
99.56
97.8
84.16
93.68
98.48
95.04
97.04
81.68
94.64
98.08
98.08
93.12
80.08
89.44
92.36
0
0
0
0
95
89.84
91.08
94.76
90.28
95.36
99
90.84
71.36
96.96
96.8
91.04
95.08
95.44
95.84
87.68
98.2
81.68
97.96
93.48
93.56
93.64
75.92
91.84
91.84
99.12
98.68
92.48
93.72
93.8
97.92
97.04
93.16
96.52
94.96
92.16
98.16
80.08
89.44
89.56
0
0
0
0
96.96
89.44
90.4
94.76
87.96
94.6
88.44
95.2
71.36
91.68
93.12
94.8
91.16
95.84
95.96
95.12
98.2
96.72
92.92
100
93.8
93.88
90.64
91.84
91.84
99.4
96.96
92.48
93.72
93.92
96.88
96.64
85
96.4
94.96
92.16
99.04
80.08
98.68
89.56
75.96
0
0
0
93.12
79.88
97.8
74.56
85
88.68
90.2
82.92
88.96
87.52
85
85.56
86.64
82.48
83.32
96.56
98.44
96.64
94.36
91.6
96.4
94.16
90.76
91.84
91.84
98.52
91.44
92.92
97.6
94.04
96.48
97.56
93.08
96.08
98.28
98.6
99.04
92.44
79.48
0
75.88
0
0
0
88.96
80.36
75.76
87.84
84.92
95.16
89.92
70.04
84.4
85
83.76
76.56
92.08
97.72
83.4
83.52
97.76
76.92
98.12
91.6
92.96
94.44
90.88
91.84
91.84
97.8
95.68
91.96
93.56
99.52
95.72
97.56
94.6
0
98.04
98.64
97.76
87.48
0
76.2
74.48
74.76
0
0
84.2
78.64
75.76
90.56
77.24
93.48
89.28
70.04
92.76
90.08
72.04
92.72
92.08
93.56
83.48
83.64
98.04
77.16
91.04
93.48
91.28
94.72
97.92
90.96
91.84
95.16
93.72
91.64
92.6
99.52
95.52
93.44
85.04
85.04
97.64
98.68
95.12
88.76
0
0
72.76
73.12
0
0
82.08
87.56
78.44
76.68
64.84
84.12
89.28
90.64
90.92
67.12
84.12
92.12
88.24
91.48
94.12
83.72
98
91.2
93.76
91.6
99.2
95
97.24
91.24
91.84
95.2
91.32
97.92
96.96
99.52
98.4
93.44
83.76
83.48
97.68
95.2
95.24
94.36
99.56
0
0
73.28
0
0
80.92
90.84
78.08
80.16
64.84
80.92
89.28
81.28
87.96
89.08
83.72
88.6
95.6
94.12
83.76
95.76
91.4
99.72
87.36
89.36
95.28
94.88
91.52
91.84
95.2
90.44
92.44
95.76
83.36
98.72
93.44
91.04
83.48
97.76
97.88
95.44
99.56
92.76
83.76
0
65.68
0
0
86.6
80.48
75
81.76
86.12
77.32
88.48
79
94.4
78.6
89.04
89.6
88.32
95.64
79.6
96.2
98
91.6
86.56
90.88
89.36
95.56
94.88
91.8
91.84
98.6
92.44
92.44
97.12
91.04
91.04
98.32
96.28
91.04
97.64
97.88
95.68
92.36
92.76
89.92
0
64.28
0
0
86.76
76.96
64.48
75.24
81
73.72
83.56
74.76
76.72
71.88
85.92
88.76
88.52
95.72
94.84
96.2
92.68
91.76
83.44
89.12
95.8
95.84
97.72
92.08
91.84
91
91
89.48
95.52
91.04
91.04
91.04
94.6
95.4
98.72
87.36
95.96
0
92
89.2
98.28
83.52
83.52
0
84.76
76.52
61.4
71.76
79
61
70.28
79.64
71.76
77.84
89.24
88.96
88.72
95.8
94.12
96.2
93.72
91.84
91.28
92.24
94.04
96.12
97.72
92.36
53.16
90.52
92.44
88
95.36
91.04
94.2
91.04
95.2
97.88
90.72
87.36
81.64
91.08
96.36
96.36
96.36
83.52
83.52
83.28
81.56
91
63.96
78.8
72.24
67.88
88.52
70.16
81.64
78.08
89.44
89.16
89.8
98.52
95.96
95.56
93.76
91.88
93.8
93.12
93.12
96.36
98.12
92.64
53.16
92.36
92.32
88.2
97.68
96.36
96.64
96.04
96.56
93.08
90.72
88.48
11.44
11.44
96.36
96.36
96.36
83.52
83.52
83.28
81.72
91
86.64
76.16
69.28
98.52
88.52
97.96
89.36
78.32
89.64
88.4
90.8
94.44
96.08
95.24
96.08
89.16
93.6
88.88
97.68
96.52
98.64
92.92
56.04
94.64
90.04
88.4
96
87.36
91.36
97.96
89.36
93.08
97.64
9.04
11.44
11.44
95.88
95.76
96.12
92.6
11.44
83.28
61.32
61.32
86.64
61.32
86.92
97.96
88.52
89.36
81.6
94.16
86.8
89.48
97.24
95.4
96.08
94.84
93.64
88.8
91.32
91.56
94.4
96.6
96.72
93.2
83.8
93.56
92.44
88.6
95.88
93
92.36
91.36
89.36
93.08
8.84
9.12
11.44
11.44
93.6
89.32
0
91.6
91.16
83.16
61.32
61.32
82.12
59.8
86.92
95.24
70.28
81.6
85.04
94.16
97.68
91.4
94.56
95.4
96.8
95.72
93.64
88.8
91.32
87.88
94.4
96.6
94.32
89.04
69.28
86.44
92.44
88.8
98.8
96.92
97.6
86.8
87
8.6
8.84
92.24
88.36
94.2
86.56
0
91.16
0
90.68
93.84
59.16
59.16
79.88
59.8
86.92
59.52
70.28
73.52
90.6
93.88
97.68
85.56
90.96
93.88
93.76
95.8
94.12
91.96
95.84
87.88
94.68
92.84
85.56
0
92.88
0
92.2
88.68
96.16
82.04
91.04
96.4
7.88
8.6
8.4
92.24
88.36
7.8
7.84
90.72
7.92
0
0
0
97.8
94.2
88.36
89.4
92.32
85.56
59.52
0
90.48
89.64
97.68
97.2
90.96
91.24
94.6
86.84
100
89.32
100
90.12
93.68
89.64
89.64
79.6
94.2
86.56
98.32
88.56
82.04
82.04
8.84
93.52
8.48
91.36
7.76
8.56
88.36
7.8
8.48
8.48
8.52
8.56
0
0
96.64
94.2
92
79.44
88.72
82.6
85.28
0
0
84.8
98.32
91.36
92.12
98.08
97.4
93.12
90.56
88.4
96.76
87
90.12
89.64
89.12
77.32
84.52
84.68
92.32
88.72
82.04
82.04
93.52
91.32
87.56
8.56
7.76
8.56
94.6
7.8
8.48
8.48
8.52
8.56
72.96
98.08
96.64
91.8
100
91.32
93.8
91.36
84.64
0
89.6
79.28
98.88
91.68
95.72
97.32
97.4
93.12
93.2
88
93.4
94.68
93.16
89.64
94.28
92
84.6
84.44
92.32
88.16
82.04
82.04
88.28
86.12
91.92
8.48
94.04
8.52
0
89.12
8.48
8.48
8.52
8.56
71.16
98.08
96.64
87.64
89.08
70.64
93.8
95.6
82.04
85.04
89.6
79.28
98.32
79.96
92.12
90.8
97.4
88.6
94.6
94.24
96
94.68
92.48
89.64
82.28
89.64
88.12
81.4
92.32
87.08
82.04
82.04
86.12
86.12
92.92
0
94.04
88.4
0
0
8.48
95.6
95.6
69.76
95.6
91.48
96.04
0
89.08
80.48
93.8
95.6
82.04
90.84
89.6
79.28
81.56
98.24
99.36
89.76
93.4
94.36
76.44
87.48
91.44
69.88
69.88
82.28
82.36
0
82.28
95.68
95.2
87.08
82.04
90.84
86.12
91.36
0
0
85.4
88.4
0
0
76.28
95.6
91.2
91
91.16
91.36
