75.6
67.22
68.64
70.86
58.43
74.78
75.82
72.89
78.01
63.34
73.79
76.29
80.57
77.61
76.11
75.2
73.4
80.9
75.67
80.87
70.37
78.23
83.08
68.17
75.11
71.62
69.18
60.23
84.23
76.49
80.82
75.22
76.54
79.08
75.65
75.71
79.15
75.3
64.15
71.33
69.97
67.79
78.74
71.13
68.81
75.33
76.29
82.22
79.33
78.17
70.63
78.58
74.31
71.23
72.14
74.46
73.24
74.88
73.54
66.87
77.86
73.26
66.02
79.11
72.93
65.61
72.06
80.21
80.22
80.23
82.17
60.73
60.73
56.61
56.61
56.61
77.66
77.66
77.28
0
0
0
64.06
64.06
79.49
77.29
77.29
77.29
75.69
75.69
75.69
69.85
75.45
69.85
75.65
68.64
83.04
58.43
64.94
72.15
72.89
77.99
77.46
73.79
76.29
79.99
77.61
76.11
72.8
77.59
82.52
70.27
80.87
70.37
84.55
83.08
68.17
73.73
71.72
69.18
74.13
84.23
76.49
66.28
75.22
76.54
75.01
75.65
75.71
74.08
75.3
64.15
75.17
71.6
67.79
69.58
71.13
71.13
75.62
76.29
82.22
75.15
83.24
70.63
66.84
74.31
71.23
66.31
74.46
73.24
52.45
73.54
66.87
70.94
73.26
66.02
70.34
72.93
69.59
67.4
80.21
67.28
67.29
67.3
77.85
77.85
71.46
71.46
71.46
78.43
78.43
78.43
63.13
63.13
63.13
0
0
62.89
63.6
63.6
63.6
0
78.09
78.09
79.1
81.83
81.83
56.1
75.62
75.88
75.88
77.72
72.89
79.77
72.15
62.55
82.7
72.01
77.61
76.11
79.87
61.94
75.34
79.97
80.87
70.37
68.53
83.08
68.17
84.55
71.62
69.18
73.71
84.28
76.49
74.13
75.21
74.47
66.28
75.65
75.71
75.01
75.3
64.15
74.08
71.6
67.79
75.17
65.07
69.52
70.36
76.29
82.22
75.62
83.24
70.63
75.15
74.31
68.42
66.84
74.46
75.14
66.31
73.54
66.87
52.45
73.26
52.76
70.94
72.93
69.59
69.9
66.91
79.2
79.73
67.28
67.29
77.85
66.47
71.46
71.46
71.46
66.71
78.43
78.43
63.13
63.13
63.13
76.02
0
62.89
63.6
63.6
63.6
0
0
78.09
79.1
81.83
81.83
81.83
75.27
74.07
58.43
74.78
67.56
81.28
75.3
69.26
79.72
76.73
78.59
80.42
74.59
73.57
73.38
76.69
76.26
71.19
84.33
82.92
77.15
77.18
81.28
69.85
69.24
74.69
75.14
81.15
80.46
63.73
66.92
78.54
76.5
81.29
72.86
86.3
69.35
75.72
67.44
69.57
68.84
69.35
69.12
76.33
70.12
78.43
75.82
79.93
64.25
77.89
68.25
56.2
62.56
72.75
73.36
75.39
57.68
76.17
72.93
71.16
78.97
70.26
77.11
77.83
72.18
64.03
59.47
78.59
65.71
78.42
77.85
75.17
80.1
0
72.81
0
75.19
81.01
81.81
77.99
78.11
75.05
73.39
77.05
0
75.59
74.9
79.24
77.98
77
70.62
74.73
74.17
77.58
79.68
67.89
80.97
77.72
72.89
82.91
75.48
71.76
76.29
75.39
77.61
76.11
75.43
68.59
75.38
75.43
80.87
70.37
75.53
83.08
68.17
75.62
71.52
69.18
75.56
84.29
76.48
75.66
75.22
69.52
75.61
75.65
73.69
75.62
75.3
79.04
75.66
69.97
67.79
49.68
76.9
64.38
70.81
76.29
82.22
71.35
78.17
70.63
79.94
74.31
71.23
80.97
74.46
74.5
72.36
73.54
56.66
68.87
73.26
73.13
78.34
72.93
69.59
77.45
76.76
60.17
63.97
64.96
65.11
75.4
77.85
78.94
71.46
71.46
76.96
73.51
63.05
63.13
63.13
63.24
76.02
0
77.81
63.6
63.6
61.99
77.03
78.09
79.09
79.1
79.6
79.6
76.27
75.47
79.68
73.24
80.97
74.78
72.15
72.89
82.81
72.09
73.79
82.79
79.99
77.57
82.9
72.8
78.31
83
70.45
80.87
83.01
77.11
83.08
83.06
73.67
71.32
83
60.76
84.23
83.06
66.28
75.22
83.06
75.01
75.65
83.06
74.08
75.3
83.1
75.17
69.87
69.99
69.04
77.69
78.79
75.62
76.29
69.23
77.07
78.15
84.65
66.84
74.31
76.87
66.31
74.46
72.78
52.45
73.54
82.92
70.93
73.26
72.75
70.34
72.93
78.76
75.76
50.75
63.93
64.09
79.15
79.86
77.85
78.94
78.94
77.55
64.87
80.43
63.05
63.13
63.13
63.24
0
0
77.77
63.6
63.6
60.2
77.03
74.44
79.1
79.1
78.38
79.94
77.62
76.69
74.92
70.07
79.35
74.76
75.65
58.43
82.81
75.65
71.24
82.79
75.6
60.57
82.9
75.58
72.29
83
75.54
68.52
82.92
69.89
68.73
83.06
75.52
79.55
83
75.52
78.05
83.06
75.34
72.35
83.06
75.31
52.79
83.06
75.28
71.86
83.1
60.51
79.02
73.02
75.28
72.15
78.79
76.81
78.83
69.23
84.32
76.29
84.65
84.45
79.35
76.87
84.52
69.76
72.78
84.52
76.19
82.58
84.32
77.04
72.88
84.67
80.24
78.68
68.17
74.7
74.64
74.82
79.82
77.11
82.16
66.2
67.77
56.61
73.53
79.97
83.38
60.72
78.41
78.92
0
80.3
77.76
61.82
72.08
75.69
72.95
60.68
69.85
73.65
75.66
79.35
76.35
76.65
75.27
72.85
74.41
76.74
67.22
75.88
74.21
67.22
76.63
76.7
67.21
78.09
78.13
67.2
75.9
79.89
67.14
82.84
82.92
69.89
68.76
60.17
67.1
74.86
80.06
67.1
63.7
80.3
66.96
76.51
80.4
66.92
79.57
80.55
66.94
64.43
73.41
66.94
76.64
75.51
66.94
76.88
75.86
66.94
68.31
80.03
74.26
67.24
80.71
67.45
76.02
69.17
67.55
76
69.16
67.55
76.89
71.52
60.51
74.16
83.36
72.15
80.24
80.71
76.65
68.15
74.36
79.73
75.55
77.12
67.32
77.08
54.1
79.04
80.04
63.48
79.04
78.59
83.89
79.03
78.58
78.67
68.82
76.65
69.48
60.86
74.35
62.44
79.28
78.07
81.22
79.33
75.3
79.06
75.27
74.66
76.37
69.74
81.5
58.43
74.58
81.53
76.95
75.6
81.52
62.97
76.65
81.48
74.46
81.6
82.7
80.46
82.84
69.89
59.83
71.7
75.93
77.79
76.98
81.51
78.71
77.01
81.28
77.79
76.82
81.21
77.94
76.76
81.12
73.79
76.24
81.13
59.13
75.58
81.13
69.96
76
81.14
75.46
78.13
81.14
75.48
80.64
81.16
70.76
78.86
81.18
80.97
77.37
81.2
77.87
71.01
71.03
75.97
83.08
0
80.24
80.69
67.38
64.3
74.01
75.6
81.24
77.12
67.36
77.08
74.86
63.58
80.04
63.48
79.04
78.45
78.9
79.03
78.65
60.11
64.57
76.61
73.47
79.11
69.96
75.94
79.28
74.3
81.22
75.47
76.63
70.72
75.27
75.48
79.31
71.39
75.62
58.43
66.86
75.67
74.6
75.6
75.66
82.75
76.58
75.62
82.75
81.4
80.62
80.53
80.03
69.89
60.01
75.57
60.23
82.76
76.98
75.52
82.77
77.01
75.44
82.77
76.82
75.35
82.77
76.76
75.28
82.81
76.24
77.64
82.81
75.58
73.67
82.83
75.93
79.3
82.83
78.13
78.92
82.83
80.61
84.32
82.83
78.86
84.45
82.83
77.35
84.52
82.83
73.85
72.56
70.32
75.38
78.65
74.04
80.6
67.41
76.78
75.64
80.94
75.64
70.99
78.61
62.15
77.64
73.82
79.98
80.93
59.67
72.82
79.86
78.74
0
78.64
76.02
77.25
74.76
62.12
62.17
82.93
69.85
83.02
71.39
75.47
78.91
70.72
83.31
74.66
76.73
83.72
67.24
75.88
79.63
67.27
81.21
64.94
67.25
75.65
77.73
67.22
55.94
77.19
86.42
83.3
82.38
55.36
60.23
59.24
70.56
81.81
76.88
67.13
80.56
76.77
67.08
63.67
73.24
66.96
67.37
73.44
66.9
65.02
76.34
66.96
74.91
72.61
66.95
74.35
78.41
66.95
73.46
78.01
72.37
80.48
81.57
69.05
79.93
80.14
66.97
61.97
73.95
68.67
61.92
84.17
67.91
76.99
77.34
0
82.24
80.62
72.23
73.56
73.58
71.35
75.75
78.74
67.31
76.84
76.84
63.58
63.6
63.48
79.04
79.63
78.18
79.03
78.64
63.26
73.07
77.12
75.84
78.38
65.69
63.48
79.28
63.48
60.75
75.47
78.68
76.59
83.31
75.44
75.97
67.94
81.53
58.47
77.34
81.58
74.76
77.99
81.62
80.11
81.15
81.6
73.1
80.63
86.43
84.26
87.08
55.36
60.1
79.77
69.92
65.43
80.92
81.46
71.87
81.08
81.43
49.21
73.76
81.28
74.11
73.49
81.18
74.11
76.34
81.05
71.97
68.39
81.13
67.25
80.27
80.81
80.48
78.35
72.37
79.39
80.76
81.14
79.69
82.03
81.16
78.53
78.86
81.22
78.61
70.84
84.08
71.97
0
71.96
81.03
80.08
66.7
77.57
67.71
76.44
64.43
79.17
67.26
76.84
76.84
63.58
63.6
63.48
79.04
78.12
79.03
79.03
79.15
63.26
63.46
77.22
78.15
78.67
79.11
63.51
79.26
63.51
72.35
79.25
81.87
76.59
83.31
75.35
79.45
67.94
75.66
58.51
80.18
75.7
74.84
78.04
75.76
82.84
81.15
75.74
77.54
80.97
78.81
85.54
83.19
64.86
83.1
64.7
81.61
77.76
80.92
75.58
78.66
81.01
75.52
67.7
73.76
75.38
67.21
73.49
75.34
73.22
76.34
60.51
69.03
80.67
79.69
72.95
80.28
78.48
78.39
78.37
72.36
74.08
79.39
84.74
82.98
82.03
72.92
69.99
78.86
75.14
68.06
77.27
75.84
0
0
0
0
80.11
0
0
0
0
64.43
78.43
78.92
79.25
79.24
76.78
75.81
80.93
60.72
60.15
79.86
0
78
72.94
65.04
77.07
81.49
77.57
80.22
82.98
69.85
82.97
79.68
75.47
81.44
76.59
71.14
75.49
68.66
83.72
67.26
81.18
74.13
67.28
80.34
65.05
67.3
79.75
77.73
67.27
76.19
77.21
82.48
85.54
84.3
76.97
79.72
68.92
75.48
78.93
76.89
67.16
79
76.76
67.11
76.39
79.26
66.97
82.88
73.45
66.93
79.23
76.35
66.92
79.05
72.66
66.96
83.55
78.44
78.46
78.42
78.39
72.36
74.08
77.61
70.77
76.95
80.14
66.84
84.89
69.01
68.68
73.07
84.47
75.89
75
0
0
0
80.13
0
0
0
64.44
76.46
72.53
67.36
74.92
76.84
63.58
63.6
63.48
79.04
78.11
69.25
79.03
78.64
60.35
63.58
76.94
66.04
69.43
76.57
63.56
79.26
63.55
64.35
78.84
80.95
72.27
69.56
75.21
77.09
72.07
81.59
58.51
80.18
81.68
75.12
78.15
81.77
71.84
81.22
81.75
75.46
80.97
82.49
79.02
82.15
76.97
80.31
79.77
73.56
84.39
80.97
81.52
68.23
80.19
81.43
76.62
62.19
81.32
78.51
73.51
81.04
64.54
76.82
81.07
64.92
70.32
80.84
48.22
80.36
78.49
78.48
78.41
75.81
74.08
77.24
70.77
70.05
79.85
81.1
83.44
78.64
81.25
70.25
84.48
84.33
0
0
0
0
80.15
0
0
0
64.41
63.43
72.53
67.42
74.92
53.18
63.58
63.6
63.48
79.04
77.95
79.22
79.03
78.1
81.71
63.58
76.67
64.69
76.09
76.55
63.58
79.26
63.58
64.35
75.47
75.47
72.27
69.56
75.21
79.51
72.67
75.57
58.52
74.43
75.72
79.71
78.18
75.73
71.84
81.28
75.59
75.46
80.13
80.6
81.73
80.43
76.94
80.55
76.25
76.86
71.69
80.97
75.02
68.23
80.48
74.79
73.28
72.95
74.63
77.55
73.52
74.58
85.66
70.76
80.36
65.49
71.46
68.93
48.24
80.37
78.58
78.52
78.47
79.71
66.04
78.14
70.77
69.94
78.36
84.68
83.46
66.55
69.69
70.2
81.65
82.3
0
0
0
0
0
82.6
0
0
0
76.51
72.53
77.45
0
81.63
76.78
76.84
80.93
77.69
67.89
79.34
59.12
0
76.37
74.63
76.64
64.69
82.84
80.03
80.27
69.85
83.04
78.11
75.47
79.07
71.13
82.21
74.34
75.91
83.65
70.79
80.81
68.11
78.27
75.4
65.18
78.27
70.59
77.9
85.94
75.09
77.82
85.37
81.73
80.54
76.94
76.29
76.34
78.43
67.03
77.14
80.49
67.7
76.97
81.82
70.27
73.6
81.67
68.27
73.48
82.55
70.59
75.06
71.59
63.46
72.81
86.36
79.3
78.7
78.61
78.56
78.53
72.6
66.04
78.14
68.95
78.19
76.86
83.83
81.8
79.62
83.56
73.96
81.14
63.47
0
0
81.15
0
0
81.68
0
0
64.42
74.49
72.53
67.53
78.54
83.33
63.58
63.6
63.48
79.04
78.12
68.12
79.03
78.64
66.54
71.36
79.44
77.7
79.29
76.52
63.6
79.26
63.6
76.58
78.52
79.06
81.97
82.21
75.11
76.12
72.03
81.58
58.56
77.62
81.77
74.55
78.03
81.96
75.23
81.36
74.12
74.58
80.19
86.56
80.17
82.73
73.53
60.23
78.36
78.43
73.41
80.53
81.56
72.61
79.66
81.45
73.44
71.03
81.29
73.53
73.51
81.08
73.67
67.49
81.12
73.79
72.71
81.04
76.41
80.44
78.65
78.2
78.6
72.6
66.04
78.14
68.95
83.65
79.06
81.1
78.28
78.41
81.25
77.57
79.26
64.17
63.56
70.64
75.39
0
0
0
79.31
0
64.6
79.82
72.54
67.52
78.54
79.19
63.58
63.6
63.48
79.04
77.74
76.23
79.03
78.64
66.54
74.2
78.19
65.92
79.29
78.64
63.6
79.26
63.6
82.05
83.07
82.52
81.96
82.21
75.18
79.66
77.15
75.38
58.57
77.62
75.74
77.3
78.03
75.74
78.83
40.32
74.15
78.31
80.52
80.56
79.48
80.57
73.51
60.23
72.56
78.43
73.17
80.53
74.62
73.12
80.48
74.48
66.61
70.7
74.26
81.69
73.51
75.15
79.54
67.49
79.09
72.62
71.78
79.48
72.1
80.47
40.51
78.26
77.6
72.6
77.07
68.86
75.62
79.88
79.06
72.99
77.36
79.12
77.58
77.62
79.26
81.47
77.87
70.64
75.39
0
0
72.73
71.1
71.1
79.46
80.68
72.55
76.33
73.31
59.28
76.73
76.84
72.44
76.41
75.95
75.6
71.28
77.74
83.33
82.81
80.34
79.44
82.77
77.26
62.56
69.85
83.05
81.22
79.75
82.52
81.95
81.47
75.11
49.56
83.65
66.02
78.55
78.16
67.28
77.51
65.22
78.59
40.33
40.32
74.17
72.35
81.57
82.18
79.48
82.26
73.5
60.23
76.79
73.75
79.42
68.63
80.65
77.74
72.83
79.9
77.25
71.99
80.77
71.16
73.48
71.23
69.03
74.11
81.86
69.97
72.87
83.45
76.4
40.53
40.51
78.3
77.6
77.6
72.95
75.43
70.81
73.62
81.22
77.43
81.68
75.99
74.73
72.62
70.77
81.47
77.87
70.64
77.64
0
0
77.39
71.1
71.1
69.82
0
72.53
67.49
77.74
79.19
0
78.48
75.17
77.97
66.27
77.18
78.76
80.12
72.22
70.42
75.61
81.29
79.12
65.79
79.73
82.51
73.94
81.41
75.09
77.02
73.1
81.5
58.58
80.18
81.8
77.57
78.05
40.32
40.39
40.32
74.18
80.17
76.9
72.19
79.82
82.26
73.36
60.23
71.99
73.96
76.79
80.86
81.59
76.71
80.81
81.45
76.57
74.46
81.29
70.31
73.51
81.1
77
73.56
81.17
79.71
71.56
81.14
40.55
40.53
40.51
78.32
77.6
77.56
66.18
68.52
71.8
83.62
79.07
81.13
78.36
78.93
81.28
77.71
69.4
75.94
77.87
77.38
0
80.29
0
78.31
74.83
71.1
69.82
0
72.55
67.46
66.02
0
0
78.48
59.79
0
66.27
60.73
60.72
80.12
72.34
81.94
79.9
78.72
78.71
65.33
66.05
78.96
67.41
79.74
82.52
73.94
81.41
75.09
79.79
73.08
77.57
58.58
61.71
77.84
73.44
78.05
40.32
40.4
76.97
74.18
71.08
75.31
60.03
79.82
81.31
74.46
60.23
71.99
76.73
77.57
80.53
80.52
75.77
80.39
72.26
77.75
78.81
75.07
76.22
73.51
81.2
78.55
71.48
75.42
79.91
71.56
81.39
40.55
40.53
40.51
78.32
77.56
77.56
77.01
68.52
71.8
69.46
79.07
78.91
78.36
78.92
68.65
77.62
69.89
65.12
77.87
76.75
75.91
80.18
71.52
74.06
77.73
74.21
80.78
0
72.63
78.98
65.69
62.42
57.84
63.08
77.3
72.03
78.56
0
70.05
76.84
0
0
75.69
78.71
78.72
65.37
76.6
78.58
77.67
79.73
82.54
73.94
64.81
68.33
69.02
88.21
78.63
78.65
76.73
78.12
74.56
72.48
82.56
78.18
74.09
67.77
85.34
64.63
68.07
78.14
84.65
78.4
63.31
67.81
78.68
72.87
65.6
40.55
40.53
40.51
74.38
77.56
77.56
74.23
68.79
69.16
69.48
74.56
76.28
81.26
77.26
75.97
73.96
70.19
71.2
71.56
71.56
75.91
59.71
60.03
72.55
83.36
74.05
82.87
74.82
72.67
67.58
70.09
80.48
0
82.47
59.15
0
59.09
77.87
73.83
74.27
80.37
62.09
74.69
65.33
65.36
65.38
66.02
73.2
78.44
79.73
82.55
69.68
64.81
36.32
0
72.35
68.39
0
0
73.4
0
0
43.3
0
36.32
0
0
66.78
74.18
88.21
64.09
53.81
76.73
69.46
82.06
75.01
77.01
54.07
79.58
67.77
78.05
77.54
68.07
77.73
79.64
73.32
78.23
76.79
81.09
71.82
81.13
40.55
40.53
40.51
72.64
77.56
77.56
74.23
73.04
73.04
69.5
74.56
74.59
79.36
68.21
81.27
77.52
74.45
74.45
71.56
71.56
71.55
59.39
79.04
72.55
83.42
74.05
0
71.27
80.48
80.48
80.48
79.93
78.95
62.99
77.87
77.87
0
77.87
80.76
65.18
50.37
74.57
74.69
77.88
78.76
65.39
0
82.5
79.82
79.75
82.55
68.68
64.81
77.36
0
0
83.2
0
0
79.45
81.32
0
0
0
36.32
61.63
76.19
66.78
81.79
82.7
64.09
53.81
50.08
62.84
82.06
80.26
77.02
54.07
80.36
68.97
76.19
71.87
68.59
71.95
79.1
69.32
76.26
80.34
67.76
71.98
71.51
40.55
78.22
79.66
72.65
77.56
77.56
78.76
79.6
73.04
79.83
77.79
74.45
79
79.07
69.25
77.53
74.45
74.45
76.63
65.48
61.21
66.88
79.04
74.58
80.31
74.05
77.51
77.51
72.1
78.59
0
75.43
74.2
74.2
80.89
80.87
80.83
80.77
81.46
70.32
73.96
83.54
75.39
0
83.05
65.4
0
82.95
0
79.76
82.55
68.61
81.19
77.29
86.08
0
82.15
79.67
79.65
68.34
36.32
79.67
79.67
79.67
79.67
61.63
0
68.19
66.78
79.86
82.86
76.4
53.81
50.08
72.5
78.95
77.81
82.18
77.98
75.34
68.97
75.75
80.95
68.59
78.67
84.74
69.32
73.49
83.39
70.82
64.47
77.66
59.54
73.21
74.14
75.03
77.56
77.56
68.22
79.68
79.6
81.15
76.42
79
79
79.9
69.13
77.39
74.45
74.45
81.23
80.96
61.21
75.01
79.04
68.42
80.31
69.28
77.51
75.43
76.35
0
0
74.11
74.01
74.01
80.09
80.03
80.03
74.23
80.03
82.96
73.58
82.96
75.39
68.03
83.05
78.8
0
0
79.77
79.77
82.56
82.34
81.19
82.77
73.4
59.57
76.55
0
66.26
0
0
0
35.57
80.58
67.02
79.67
36.32
67.16
70.63
80.01
72.07
57.78
50.08
80.78
70.18
82.44
80.68
54.07
82.51
80.4
74.51
82.27
80.09
71.95
82.04
79.83
75.91
72.41
79.72
71.98
60.24
73.08
75.53
78.63
82.08
78.18
77.56
75.28
79.68
73.92
81.15
73.68
79
79
79
80.65
77.57
76.4
77.46
82.33
76
73.46
75.01
77.41
61.65
72.91
69.28
75.43
75.43
75.95
79.57
75.13
80.52
74.27
76.94
74.79
73.92
73.98
75
73.91
74.04
77.01
74.7
75.39
79.65
81.36
81.36
0
0
79.8
79.8
82.58
77.94
81.19
37.68
0
78.05
72.12
0
57.3
79.7
71.23
80.85
75.98
79.44
78.13
78.64
41.5
82.5
64.3
53.86
43.23
79.66
79.12
77.45
79.34
79.49
77.56
80
79.37
77.76
70.26
79.15
71.15
73.27
79.06
78.48
71.55
79.07
79.91
79.13
60.49
73.01
56.82
78.71
79.62
79.21
75.26
75.28
76.94
73.92
67.24
74.04
79
79.01
78.96
69.29
77.61
72.86
73.04
77.67
67.94
72.75
75.01
63.73
61.65
72.91
69.31
83.38
73.13
82.29
83.22
78.16
80.07
74.24
74.43
74.57
73.65
73.76
74.59
74.02
74.17
72.53
74.73
73.21
79.68
81.6
81.36
0
79.9
0
79.81
82.6
77.94
75.34
0
81.23
63.68
78.63
69.2
84.01
0
0
82.34
0
83.53
83.98
79.54
74.82
82.48
72.67
60.56
66.07
79.66
79.12
81.67
82.92
70.71
72.02
82.88
70.17
71.36
83.1
70.14
71.18
72.52
69.77
71.34
82.24
70.16
71.25
74.73
69.7
72.69
77.86
78.71
79.62
74.55
75.26
76.94
75.63
79.6
67.18
75.39
79.12
79.02
79.69
69.35
77.49
73.52
58.1
67.25
75.19
68.77
77.54
63.73
61.64
76.26
69.32
79.55
83.47
73.22
79.64
64.62
74.19
73.52
74.14
74.9
73.74
73.96
74.76
74.13
79.04
72.53
74.77
65.27
79.67
75.86
84.42
0
0
81.13
79.83
82.62
80.77
75.34
35.49
0
79.55
82.73
82.73
74.33
77.92
0
80.06
0
77.16
81.53
73.49
80.56
82.49
76.61
60.4
43.23
79.66
79.06
80.78
79.36
83.22
80.14
80.02
71.42
80.27
70.37
71.42
79.96
73.22
71.43
79.75
71.58
71.39
79.76
74.73
59.16
72.62
77.86
78.71
79.66
74.56
74.57
76.76
75.58
78.7
67.18
75.42
79.17
79.13
79.16
81.87
77.69
74.48
76.18
82.38
82.18
75.18
80.35
63.73
77.3
80.04
69.33
79.53
83.49
73.25
62.67
78.3
76.05
73.46
73.81
73.91
73.78
74.01
74.05
74.15
70.91
72.57
74.82
65.29
79.7
75.9
80.79
0
77.54
69.35
0
82.64
80.77
75.34
55.12
0
79.55
82.73
82.91
74.33
77.92
68.86
62.8
82.66
69.63
81.53
81.53
79.7
82.5
42.55
76.26
66.07
79.66
79.08
77.42
62.98
82.22
64.22
80.03
79.52
77.91
70.45
79.3
73.93
73.23
79.38
78.68
71.59
79.18
79.91
74.73
58.89
72.87
77.86
78.71
79.69
78.22
78.22
76.76
73.35
81.05
67.5
75.39
79.17
79.17
79.19
74.5
77.67
76.28
75.02
59.78
82.2
82.75
75.46
63.73
77.31
48.89
69.35
80.32
78.59
72.99
75.43
63.56
74.38
73.5
73.61
73.73
73.87
74.01
74.15
74.21
73.68
72.58
74.84
65.31
79.72
73.58
80.86
79.31
77.54
79.07
0
0
80.77
77.49
36.32
70.62
61.63
74.43
0
82.74
70.99
76.67
79.67
74.21
65.55
65.55
68.86
79.7
82.51
45.58
78.74
66.07
79.67
79.1
81.78
76.48
82.64
81.19
82.98
70.22
80.56
83.24
70.2
68.7
74.88
68.73
71.05
82.29
70.05
79.53
74.81
77.95
72.87
77.86
78.71
79.69
78.22
78.22
73.35
75.93
79.82
67.5
76.95
79.17
79.17
79.84
69.45
72.78
75.02
76.19
59.71
74.7
76.65
75.42
63.73
77.34
66.35
69.37
80.46
79.24
72.99
79.67
75.43
62.83
73.56
73.68
73.81
73.95
74.1
74.21
74.25
75.65
72.61
74.9
75.07
79.74
73.18
72.23
80.32
81.92
79
0
0
61.53
77.49
79.13
69.32
79.46
69.83
60.88
76.59
77.92
77.26
50.61
84.15
78.98
0
70.37
50.61
82.53
45.58
44.79
74.48
79.68
82.56
74.61
74.94
77.95
77.92
77.91
78.75
79.66
79.59
78.23
73.44
75.87
77.63
67.43
77.52
79.17
79.17
79.23
80.21
77.71
74.94
71.35
59.74
75.22
73.51
75.42
63.74
77.37
66.36
69.39
80.37
79.5
79.65
79.35
78.6
65.98
73.62
73.75
73.88
74.03
74.15
74.25
74.29
77.05
72.61
74.95
75.09
79.74
73.18
72.25
80.32
80.86
75.07
0
0
72.55
77.48
79.22
0
69.22
80.08
66.05
74.64
77.92
63.48
58.86
0
52.42
0
74.27
78.63
82.56
73.06
44.79
57.73
79.66
81.06
81
79.82
81.54
80.03
83.64
79.81
79.81
79.14
79.82
79.82
79.15
79.14
79.17
78.8
75.01
77.95
77.91
78
78.78
79.61
79.58
79.58
73.44
78.52
80.74
67.5
77.66
79.19
79.17
79.24
62.79
77.71
69.15
72.68
82.64
78.38
76.66
76.26
63.74
77.37
0
69.39
80.37
76.68
78.66
78.57
77.37
74.57
73.29
73.4
73.48
73.59
73.62
73.72
73.69
63.91
72.68
75.01
63.22
79.74
73.18
72.28
70.14
73.95
77.85
61.32
0
72.55
82.74
65.46
84.65
80.08
68.19
0
74.04
74.96
76.68
74.87
0
79.24
69.75
75.85
0
82.58
67.36
30.62
66.05
79.59
81
81.68
79.82
81.54
83.64
83.64
79.81
79.03
79.82
79.82
79.06
79.14
79.07
79.18
79.62
75.09
78.71
77.91
78.15
78.8
79.63
79.58
79.58
78.46
75.97
79.91
67.5
81.14
79.19
79.19
77.94
69.48
77.29
69.99
75.32
82.67
78.4
82.17
75.77
62.07
77.37
63.4
69.39
66.88
74.05
73.97
74.53
74.53
72.64
72.43
72.58
72.71
72.83
72.95
73.07
73.04
80.37
72.68
75.06
74.67
73.15
81.28
77.85
61.32
61.34
69.02
81.22
0
74.68
66
86.08
0
66.79
0
64.69
74.19
77.28
76.63
82.09
83.23
0
82.61
42.55
70.22
65.99
79.58
79.82
79.82
79.82
64.14
69.6
69.6
80.58
79.91
75.48
76.54
76.6
75.57
76.09
76.04
73.51
75
78.82
78.8
78.27
78.86
79.57
79.58
79.58
65.36
75.93
80.66
82.37
81.14
70.55
79.19
67.66
69.82
80.68
77.88
70.53
82.69
78.35
80.55
67.59
81.64
79.38
76.58
69.39
66.88
79.12
68.6
70.52
72.59
71.94
71.64
71.76
71.88
76.16
76.16
72.27
72.3
0
72.67
75.11
74.67
77.03
77.03
79.95
79.95
73.15
80.31
75.44
61.32
61.36
81.43
76.08
0
64.46
66
0
77.44
0
81.37
80.82
0
0
69.83
50.61
82.22
0
82.58
56.67
70.22
66
79.64
81.54
81.68
79.82
81.18
79.52
74.47
76.69
76.36
70.41
77.46
79.59
81.18
76.64
82.86
79.72
75
77.39
77.4
78.34
78.93
80.49
78.04
77.75
64.57
64.78
82.51
82.43
81.14
70.47
70.58
72.72
69.78
73.24
74.98
72.87
82.72
78.66
83.8
83.83
81.61
71.41
76.59
69.39
66.88
77.36
78.78
66.58
71.89
71.45
68.97
68.98
76.1
76.16
76.16
83.31
68.3
0
72.69
82.09
70.11
77
79.37
79.95
79.95
80.9
86.36
77.2
72.95
61.38
83.35
73.59
82.59
56.67
69.64
65.91
79.69
80.03
80.03
79.82
80.34
81.23
82.09
72.59
81.08
75.54
70.41
81.06
81.03
67.97
79.76
80.44
75.11
77.42
77.46
78.41
79
76.28
77.8
77.76
64.57
83.48
82.57
82.49
78.16
70.47
70.56
70.55
62.19
76.05
74.98
78.68
82.76
59.44
83.83
83.72
81.1
83.62
78.68
79.64
64.92
79.2
75.88
81.22
71.39
70.93
65.25
82.05
76.1
76.16
76.16
70.66
73.36
0
79.24
81.01
69.96
78.18
75.51
80.14
78.96
80.9
79.68
77.17
72.89
61.22
83.35
73.54
79.82
79.84
78.4
79.12
79.87
78.45
79.86
79.91
78.46
79.9
80.02
78.59
80.05
80.1
78.67
71.35
82.59
56.68
74.99
75.05
79.7
80.03
79.99
79.82
80.34
79.83
79.83
80.64
79.92
78.38
76.6
76.64
81.05
67.99
62.4
71.76
75.16
77.42
77.51
78.48
79.07
77.51
77.82
77.77
77.16
83.52
79.45
82.54
64.61
70.47
70.49
70.49
75.59
71.43
77.58
43.41
82.64
59.47
83.85
73.45
73.52
82.84
82.21
79.64
76.79
73.48
76
81.22
53.76
69.91
66.39
81.98
76.1
62.71
84.42
75.46
73.36
81.41
81.41
83.09
82.72
75.49
83.47
84.23
75.84
79.36
76.99
63.43
72.93
68.78
83.35
73.54
79.84
79.84
78.4
79.12
79.88
78.4
79.88
79.88
78.48
80
80.02
78.4
80.03
80.1
79.38
71.34
82.41
56.68
74.99
74.82
79.7
80.23
77.48
77.5
77.52
81.8
79.3
79.3
79.03
79.28
81.1
79.09
79.22
79.11
79.18
78.74
75.21
77.48
77.57
78.55
79.11
76.28
77.84
80.47
80.47
83.56
79.45
80.07
64.61
70.39
70.43
70.42
81.75
71.43
81.63
43.41
82.65
77.97
72.86
73.47
73.55
71.84
82.22
79.64
76.05
67.66
76
81.16
76.14
57.63
66.4
74.08
71.03
62.07
72.65
72.51
73.34
81.41
80.47
83.09
73.72
70.57
83.4
68.98
76.9
79.36
66.35
80.34
0
68.74
69.1
76.26
79.83
78.39
78.42
78.34
81.04
81.64
78.24
81.78
78.58
78.34
72.85
78.36
78.38
73.33
76.19
78.81
73.36
78.07
75
81
79.7
80.23
76.07
77.5
77.52
81.77
79.3
79.29
79.03
79.28
81.1
79.08
79.22
79.09
79.14
82.55
80.66
75.24
77.53
77.65
78.61
79.13
76.17
78.39
80.47
77.81
83.59
79.45
80.07
51.1
70.39
70.43
78.4
69.98
77.31
79.04
43.45
82.68
77.91
78.45
73.49
73.57
77.68
82.22
68.04
76.08
69.79
75.98
78.55
76.22
66.39
71.88
73.17
72.63
72.02
76.36
76.64
57.51
80.14
82.72
66.69
79.37
70.57
81.93
77.99
85.79
79.36
65
80.31
0
69.24
78.62
76.26
79.12
79.86
78.46
78.13
78.37
75.42
80.18
81.8
80.74
81.94
72.85
78.87
78.37
76.12
76.12
76.05
76.02
81.09
78.5
80.38
79.7
80.23
80.77
77.34
75.62
82.17
82.35
80.3
77.78
79.66
69.18
68.4
79.22
79.09
76.09
82.49
78.4
70.81
77.75
75.43
43.18
82.71
77.93
59.13
69.05
83.82
74.97
79.96
68.04
76.08
69.79
81.92
56.17
75.2
66.39
74.04
73.17
76.19
76.19
78.14
74.02
78.71
79.69
80.94
78.82
69.25
81
81.21
64.85
64.87
79.36
77.71
65.37
78.17
69.24
78.62
76.26
79.15
79.88
78.48
78.49
78.33
78.31
81.56
81.8
80.75
81.94
72.85
78.87
76.21
76.05
75.83
76.05
77.4
81.09
78.28
62.7
78.07
80.23
80.77
83.27
68.8
81.74
79.3
79.26
79.03
79.28
81.04
79.08
79.22
82.56
82.61
77.24
80.18
62.73
63.78
78.26
67.83
80.87
80.67
74.96
80.25
80.25
73.73
73.73
73.73
73.73
78.4
81.89
77.8
77.42
43.05
82.75
77.88
70.12
77.11
69.09
73.02
60.14
68.04
76.09
78.63
82.13
56.17
86.79
82.76
71.79
59.35
60.57
60.57
78.14
77.88
74.65
73.03
78.18
74.03
79.29
80.7
81.2
64.86
84.2
79.36
67.8
75.21
74.72
71.02
69.15
76.09
79.15
76.94
78.51
78.57
78.31
78.35
81.59
76.64
78.63
81.97
79.94
78.37
76.21
75.83
84.22
75.83
77.4
81.9
62.89
75.78
78.07
77.87
76.71
75.63
75.19
82.35
79.2
79.3
79.26
79.03
79.28
81.04
79.08
82.51
82.56
82.61
82.71
62.73
62.73
80.51
78.22
80.87
80.87
80.26
80.25
80.25
73.73
73.73
73.73
77.21
76.46
80.37
70.08
77.42
73.98
43.11
82.78
77.91
68.73
77.11
69.1
76.87
75.62
82.85
76.1
77.96
67.34
86.79
86.32
77.66
73.79
72.96
78.66
60.57
78.1
77.88
73.34
73.03
72.5
75.61
84.53
76.86
81.21
84.19
60.64
79.36
66.73
75.21
69.9
74.18
78.61
76.04
79.15
82.44
78.5
78.57
78.35
78.38
81.6
81
78.67
78.23
78.51
76.71
75.99
77.57
75.99
78.09
77.22
84.12
67.59
74.21
79.28
76.71
72.68
76.68
77.36
81.33
81.66
81.37
81.39
68.13
76.43
81.09
82.51
82.56
78.01
82.68
63.78
80.51
79.82
64.09
75.94
75.94
77.57
82.19
77.36
77.36
77.36
77.36
81.67
81.67
77.23
80.39
70.91
77.98
74.71
43.18
82.82
77.87
78.09
73.78
73.78
74.72
85.74
84.39
76.79
76.66
67.44
66.58
86.08
73.79
69.01
70.45
73.72
73.53
79.63
64.46
73.34
78.38
78.38
82.83
76.12
75.81
81.22
66.2
66.22
79.36
78.1
74.74
69.9
69.25
78.61
76
79.15
82.44
78.51
77.97
79.64
78.16
76.74
81
78.54
78.37
78.36
76.71
75.99
77.41
77.35
77.55
78.12
83.43
83.04
82.12
79.28
76.71
72.68
78.84
73.41
79.2
79.3
79.24
79.03
79.28
80.93
79.08
82.51
75.99
73.35
82.68
78.23
85.64
79.82
77.03
74.16
77.08
76.83
77.2
80.87
75.39
80.28
67.76
71.96
83.35
80.41
78.55
77.98
77.6
43.29
82.86
77.85
70.25
73.79
73.86
74.72
59.96
69.18
76.93
80.98
75.82
66.31
65.94
65.4
66.91
69.01
73.81
78.39
78.59
71.21
73.28
78.38
68.57
82.83
77.7
83.17
73.39
62.73
79.57
79.36
78.35
77.1
69.9
69.21
69.16
68.81
79.17
78.62
78.53
79.81
79.46
79.51
78.12
81
78.3
78.28
78.59
78.47
75.99
77.36
76.14
75
62.71
83.04
82.19
74.34
81.21
76.71
72.68
78.7
63.78
79.2
79.3
77.59
79.03
79.28
77.65
79.08
75.94
82.07
73.35
76.62
62.73
80.15
79.82
77.36
79.83
74.16
81.35
80.76
64.38
80.87
76.96
76.78
74.37
75.69
79.7
70.21
77.47
77.61
43.36
82.83
77.94
76.52
73.84
73.89
72.72
65.73
69.18
77.1
72.98
79.89
75.87
66.01
65.24
65.4
74.21
78.42
78.41
70.67
70.67
81.04
80.31
78.8
67.68
77.7
83.18
73.39
64.81
78.05
79.36
68
76.97
69.93
74.18
78.62
68.81
79.19
82.11
78.53
79.84
79.47
79.53
78.14
80.38
78.44
78.48
78.41
78.65
75.99
76.11
74.97
73.44
62.83
63.69
69.74
68.37
81.22
80.44
75.45
80.15
80.11
79.82
74.17
82.15
71.46
76
77.36
77.36
77.62
85.21
75.74
76.58
74.65
79.71
70.87
78.02
77.61
43.41
82.86
77.97
76.57
73.88
73.95
72.72
65.81
69.18
77.21
71.37
71.3
71.23
83.07
84.1
84.1
84.1
84.1
77.76
70.75
69.57
77.38
82.97
77.78
81.69
63.61
83.19
80.94
79.18
65.87
79.36
71.18
79.62
69.96
69.27
78.58
68.81
79.22
82.11
78.55
81.63
78.43
78.44
81.74
78.1
78.26
78.46
78.55
78.63
75.96
74.9
73.41
70.35
77.75
77.1
68.09
68.71
81.25
82.08
81.49
73.96
74.66
86.66
83.41
77.55
81.18
73.81
77.99
78.92
78.92
78.94
39.59
39.59
79.07
75.37
77.23
77.19
74.37
65.1
74.86
72.47
75.86
75.22
69.82
71.88
75.77
83.84
0
79.75
77.83
78.06
77.6
43.48
74.32
78.01
76.6
73.92
74
72.83
65.78
72.49
77.31
71.3
71.23
75.87
83.08
84.1
77.73
84.1
84.1
77.77
61.68
73.59
77.28
80.51
81.69
79.48
81
82.96
80.38
79.13
64.5
79.36
77.03
65.76
69.97
71.16
69.13
80.34
79.25
78.62
78.57
81.63
78.43
78.46
81.77
78.06
78.41
78.28
78.5
78.03
75.69
73.36
70.32
67.77
73.63
66.75
68.09
70.53
81.25
82.08
77.11
73.96
74.66
85.88
83.43
77.32
70.27
62.45
78.72
79.67
78.92
78.9
78.91
39.59
79.02
75.37
69.98
77.19
77.82
82.15
74.86
69.67
75.9
73.39
79.41
83.35
75.75
75.77
74.51
79.79
70.32
77.59
77.61
76.02
74.39
79.43
76.63
73.98
74.07
72.89
65.83
72.49
77.31
71.23
75.87
45.98
83.11
84.1
77.73
77.73
81.65
77.7
61.67
75.94
58.83
81.69
80.26
69.72
75.7
82.96
73.04
79.93
60.63
79.36
78.76
64.42
69.97
74.18
72.79
80.34
79.28
77.39
78.57
81.63
78.44
78.47
81.85
79.62
78.3
79.77
79.78
82.32
76.85
82.5
82.62
82.7
73.21
75.44
78.35
68.54
76.01
82.08
80.72
82.08
79.13
74.61
81.27
78.27
78.27
81.05
76.72
74.56
79.13
74.04
78.9
82.38
78.95
75.37
71.54
77.19
78.22
78.11
80.76
79.86
72.78
81.54
83.6
77.16
77.16
62.73
74.51
79.83
70.98
78.13
76.05
76.02
74.46
79.43
78.69
74.01
74.11
72.94
65.86
71.1
77.35
79.35
76
75.96
75.78
84.63
69.42
84.37
81.98
69.72
77.74
75.94
76.66
81.69
78.67
73.97
74.66
82.97
71.08
60.6
65.89
80
72.93
64.42
69.99
69.27
75.16
80.34
73.63
77.37
78.57
81.63
78.44
78.5
82.04
79.7
78.32
79.78
79.58
79.54
78.43
72.91
82.69
82.77
73.23
76.23
76.27
61.19
76.04
74.66
76.31
82.09
80.5
74.61
81.25
78.27
81.05
81.05
75.49
72.9
74.73
76.88
71.31
77.19
78.95
75.37
71.54
71.56
71.58
73.64
74.51
69.67
75.3
82.92
75.74
74.32
80.21
81.84
77.21
79.87
77.62
75.35
75.37
75.35
74.53
75.87
80.19
80.19
74.12
73.02
65.92
79.85
77.38
84
79.29
76
84.54
75.15
83.37
84.3
77.8
69.67
69.66
76.66
76.66
81.69
80.26
79.04
71.57
76.01
71.08
60.6
84.55
64.18
70.84
78.71
70.02
70.08
72.45
66.54
73.65
78.68
78.57
81.63
78.47
78.56
82.11
79.71
78.33
79.61
79.6
79.57
78.4
72.91
72.91
82.84
67.18
79.12
77.46
61.19
76.06
76.09
76.11
80.43
72.1
72.11
76.17
76.18
76.22
76.27
76.3
76.34
76.83
78.98
76.37
76.37
80.42
76.47
75.37
75.9
71.56
71.58
77.21
75.85
69.67
75.3
82.92
74.51
72.98
80.21
80
77.67
79.91
75.7
81.87
74.98
74.95
74.22
80.19
83.05
80.19
74.16
72.64
65.94
79.85
77.4
64.22
64.12
76.6
73.76
83.39
83.37
80.02
69.53
69.63
69.7
69.76
76.65
81.69
80.93
79.04
71.57
54.75
71.08
80.28
75.22
67.85
70.84
69.6
70.05
74.18
61.22
84.07
73.69
71.31
78.57
81.64
78.5
78.6
82.11
73
79.65
79.62
79.6
79.57
79.49
76.79
72.92
81
73.99
81.78
77.37
76.74
79.63
76.51
75.37
62.54
71.56
75.93
82.15
79.51
75.91
79.51
79.51
67.76
74.32
80.64
69.96
77.67
79.95
82.65
80.75
74.46
74.43
72.95
78.48
83.04
82.39
64.48
73.82
65.93
79.3
76.86
81.23
61.37
61.37
61.37
82.51
81.09
81.09
78.97
69.25
69.32
69.24
69.26
81.69
80.93
62.71
72.62
54.83
76.68
75.22
77.87
67.85
74.8
78.51
70.48
69.27
78.07
74.16
73.73
71.33
78.58
81.66
78.53
78.63
82.17
77.63
79.65
79.65
79.6
81.11
78.65
76.79
76.79
81
75.58
81.18
76.81
77.43
78.94
76.22
76.23
72.01
71.95
71.95
76.29
76.31
76.33
76.36
76.39
76.4
76.41
76.44
76.43
76.44
77.29
75.37
62.86
78.18
78.1
83.66
75.85
80.85
63.78
77.21
79.51
67.87
63.73
0
77.67
80.01
73.42
75.09
77.6
73.7
77.26
77.99
87.14
72.89
78.68
87.14
65.92
75.08
75.02
78.57
78.57
73.99
65.16
82.44
80.75
80.75
78.03
68.85
68.85
68.84
54.04
80.99
84.2
75.87
72.62
54.9
76.68
76.68
83.56
67.85
78.32
78.32
74.8
70.05
72.44
72.74
73.81
73.07
78.59
81.68
78.56
78.67
82.2
77.47
79.66
79.65
79.62
77.38
78.65
76.79
76.79
81
66.77
78.91
75.59
65.77
78.95
76.25
72
71.95
71.97
76.31
76.33
76.35
76.38
76.4
76.41
76.44
76.48
76.44
76.49
76.48
75.37
83.35
78.18
78.1
74.82
75.9
77.41
79.22
79.14
67.83
79.69
82.15
81.2
77.67
80.06
75.7
79.58
84.44
71.68
74.98
79.95
86.98
72.95
64.48
87.14
64.5
73.85
73.89
73.7
73.89
73.92
65.21
81.63
80.53
73.54
75.31
68.38
68.32
53.59
54.01
80.99
76.01
75.91
75.42
54.95
76.68
76.68
67.95
67.85
80.16
78.99
78.3
74.18
68.7
72.75
73.91
71.42
78.61
81.7
78.59
78.68
82.2
79.89
79.69
80.95
79.62
81.05
66.56
76.79
76.75
81
80.31
79.66
65.77
80.15
79.63
76.79
77.75
74.85
74.87
76.87
76.89
76.91
76.92
76.94
76.97
77
77.02
77.02
77.04
75.3
80.06
77.39
77.08
76.59
68.64
80.01
79.58
82.59
82.39
64.48
83.16
83.16
79.92
73.89
73.7
73.89
73.95
65.26
81.13
80.49
73.57
74.18
67.66
53.63
53.55
54.1
80.99
76.07
75.98
75.87
55.02
76.68
76.68
67.95
79.97
80.16
76.07
78.3
69.5
73.26
83.22
73.95
71.45
78.63
81.73
78.6
78.7
82.31
79.97
79.72
80.95
79.63
81.1
72.28
76.75
76.75
81
78.7
73.4
75.64
75.63
79.62
76.83
76.85
76.37
44.58
75.61
80.13
82.52
77.16
80.28
76.62
83.16
78.13
75.79
75.74
75.24
78.86
68.89
72.38
85.05
68.93
78.97
79.01
68.99
79.12
79.19
69.16
79.33
79.43
69.38
79.59
80.11
77.39
77.08
78.26
74.79
83.22
54.07
82.59
82.38
64.48
64.5
83.17
79.92
79.93
73.7
73.9
73.96
65.3
73.8
73.69
73.59
74.25
67.05
53.56
53.7
78.84
80.99
76.08
76.02
75.91
55.04
76.68
76.68
79.97
79.97
80.41
79.83
77.73
70.06
76.6
71.11
73.99
78.67
78.65
81.74
78.62
78.75
82.44
79.97
79.73
80.78
57.02
81.16
72.2
76.75
76.75
81
72.23
77.84
75.68
75.67
79.61
76.31
76.88
72.03
76.36
78.08
75.61
77.73
38.34
77.14
63.73
75.75
75.83
79.59
79.08
76.52
78.81
67.29
74
84.52
67.28
78.95
79
67.37
79.13
79.2
67.52
79.36
79.46
67.82
79.69
80.01
67.6
79.95
79.88
73.75
83.07
67.19
82.5
82.61
71.21
64.51
79.92
79.92
79.94
64.78
80.59
80.62
80.66
80.13
81.39
80.37
80.89
80.86
80.9
80.95
80.95
81.76
76.1
76.03
75.94
55.1
76.68
79.97
79.97
75.12
80.41
81.23
81.23
84.27
79.92
68.66
74.02
71.59
78.66
81.76
78.65
78.79
82.5
80.02
79.73
80.78
57.04
81.2
67.12
76.75
76.75
81.01
72.38
73.68
75.72
75.71
79.67
76.31
76.88
76.9
76.92
76.93
76.95
76.97
76.99
77.01
77.03
77.05
77.01
75.59
79.05
76.56
66.75
66.74
78.19
81.71
78.31
66.89
81.71
67.02
67.09
81.71
67.26
67.35
79.22
67.57
67.71
80.04
65.75
64.96
73.53
73.73
81.7
79.92
74.21
82.59
79.92
79.92
79.92
79.92
73.35
78.49
80.61
80.65
80.68
80.13
75.63
72.56
80.85
80.9
80.95
80.95
80.98
81.83
76.13
76.04
75.96
55.15
76.89
79.97
79.97
80.65
80.41
81.23
81.23
78.26
73.25
68.66
74.05
71.67
78.68
81.78
78.68
78.83
82.5
80.08
79.76
80.78
57.04
81.25
67.12
76.75
76.76
81.02
72.34
76.1
75.76
75.75
79.73
78.93
78.95
76.35
76.37
76.39
76.41
76.43
76.45
76.47
76.49
76.51
76.47
76.53
76.54
76.6
66.72
63.56
70.98
78.31
81.02
65.3
65.31
81
65.4
65.45
45.66
65.63
65.75
77.91
65.89
65.91
78.51
65.07
65.23
73.51
79.5
79.55
80.18
80.06
79.92
83.01
79.92
79.92
72.3
68.68
80.63
80.66
80.76
80.13
72.56
72.56
80.88
80.95
80.95
80.98
80.96
81.88
76.14
76.05
75.97
55.1
77.16
82.34
79.97
80.65
80.41
81.23
78.04
78.26
79.91
68.66
74.07
79.01
78.7
81.81
78.71
78.83
82.5
80.23
79.79
80.59
57.11
67.45
67.12
71.42
76.77
81.07
65.43
71.23
75.8
75.79
79.79
78.93
78.95
76.35
76.37
76.39
76.41
76.43
76.45
76.47
76.49
76.51
76.47
76.54
76.56
76.64
66.76
63.53
77.22
78.35
79.5
63.83
63.9
79.5
64.05
64.14
45.63
64.32
64.46
77.69
64.74
64.9
78.26
65.2
65.34
78.63
79.4
78.22
79.2
80.03
83.01
81.27
75.78
79.55
78.24
66.63
80.13
80.73
75.61
75.57
75.61
78.3
75.59
78.28
80.56
84.54
84.58
81.87
76.15
76.06
75.97
55.13
77.24
82.34
79.88
80.6
80.41
81.23
78.04
79.96
73.43
80.83
74.08
71.8
78.72
81.84
78.72
78.83
82.65
80.38
79.82
80.59
67.51
67.48
66.98
65.63
65.43
81.11
70
76.13
75.84
75.83
79.86
80.19
78.95
76.89
76.91
76.93
76.95
76.97
76.99
77.01
77.03
77.05
77.01
76.55
76.58
76.68
45.1
63.56
71.36
63.74
78.87
63.88
63.95
78.87
64.12
64.22
45.6
64.41
64.56
77.51
64.85
64.99
77.7
65.3
65.47
78.18
78.22
78.22
80
80.03
82.97
76.21
74.7
75.54
66.71
77.39
81.39
81.39
80.77
75.68
79.48
75.66
78.3
75.62
85
80.56
84.51
81.9
76.16
76.07
75.97
55.16
77.29
82.34
79.82
80.6
80.41
81.23
68.36
78.02
73.43
80.83
74.06
71.86
78.74
81.85
78.73
78.86
82.8
80.44
79.85
67.57
67.53
67.51
78.38
73.87
81.56
81.33
65.67
75.92
75.89
75.87
79.94
80.19
80.21
76.35
76.37
76.39
76.41
76.43
76.45
76.47
76.49
76.51
76.47
76.56
76.6
76.72
45.1
0
71.36
63.78
76.99
63.92
64
77.51
64.19
64.29
45.57
64.5
64.63
77.02
64.93
65.1
77.02
65.42
65.57
77.95
77.96
79.6
79.63
76.12
74.3
76.23
76.23
75.56
77.21
69.09
81.39
81.39
80.77
75.68
79.48
75.66
78.3
75.62
84.99
80.56
84.51
81.9
76.16
76.07
75.97
55.19
77.29
82.01
79.82
78.9
80.41
81.23
76.17
78.02
73.19
80.83
74.06
79.07
78.75
81.86
78.75
78.91
82.87
80.44
79.87
67.58
67.55
67.53
80.78
66.7
70.82
81.33
77.18
77.19
75.95
75.92
80.02
80.19
80.21
76.35
76.37
78.88
76.41
76.43
76.45
76.47
76.49
76.51
76.47
76.57
76.61
76.75
62.4
0
0
63.81
76.46
63.96
64.05
76.74
64.25
64.36
45.54
64.56
64.72
76.45
65.03
65.18
76.19
65.51
65.7
77.03
78.74
79.5
74.54
75.07
74.16
76.24
75.93
83.42
68.48
78.31
81.39
75.83
75.83
75.82
80.87
80.92
80.92
80.95
80.97
80.93
80.94
81.9
76.16
76.07
75.97
55.22
77.29
82.01
79.82
70.09
80.41
81.23
82.03
84.27
73.19
80.36
74.05
71.98
78.76
81.87
78.78
78.94
82.9
80.49
79.88
67.58
67.56
67.54
80.79
66.7
70.75
81.33
77.19
77.21
81.23
75.98
80.09
78.93
80.21
76.89
80.72
78.88
76.69
76.97
76.99
77.01
77.03
77.05
77.01
76.57
76.63
80.61
76.79
76.22
0
0
0
74.15
64
64.1
76.64
64.31
64.43
45.56
64.64
64.78
75.62
65.1
65.28
76.19
65.63
65.8
76.22
78.32
80.42
74.5
80.08
73.99
75.9
75.65
82.23
81.05
78.3
81.4
67.82
75.82
75.82
80.87
80.92
80.92
80.95
80.97
80.93
80.94
81.9
76.15
76.07
75.97
55.25
77.29
82.01
79.82
69.98
80.41
81.23
77.64
80.56
73.19
80.36
74.07
72.04
78.74
81.89
78.79
78.95
83.02
80.63
81.35
67.58
67.56
80.04
76.76
66.7
78.45
78.22
77.2
77.24
81.14
75.96
80.15
74.75
74.86
80.72
80.72
78.88
76.69
81.5
76.45
76.47
76.49
76.51
76.46
76.58
76.67
76.86
78.87
63.44
0
0
0
64.05
64.14
76.29
64.37
64.47
45.57
64.69
64.86
75.72
65.19
65.35
76.07
65.72
65.74
75.91
78.06
73.74
80.08
80.08
74.02
76.15
74.62
80.98
78.4
78.31
81.41
81
76.08
75.8
80.87
80.92
80.92
80.95
80.97
64.49
80.94
84.19
76.15
76.07
75.97
55.28
77.29
81.69
79.82
71.78
80.41
81.23
68.36
80.56
73.19
80.36
74.1
79.1
78.76
81.89
78.79
78.99
83.2
68.37
74.92
74.69
80.06
73.15
76.38
76.67
66.65
78.22
82.92
77.31
78.33
75.98
80.21
74.75
77.97
80.73
80.72
78.88
76.69
72.31
81.5
76.47
76.49
76.51
76.46
76.61
76.7
76.92
76.6
79.09
77.94
78.09
80.85
77.5
77.52
77.56
77.6
77.65
77.71
77.79
77.87
77.98
78.11
78.2
78.29
78.36
78.46
78.66
78.45
68.77
78.68
79.53
74.09
76.15
78.89
72.42
78.35
72.48
81.42
80.94
72.23
72.23
80.87
80.92
80.92
80.95
72.37
64.49
78.76
86.27
76.14
76.06
75.97
55.31
77.29
81.69
79.82
73.12
80.41
81.17
78.04
81.11
73.19
81.92
74.12
72.08
78.75
81.89
78.82
79.02
68.46
68.4
77.26
74.7
74.78
73.11
65.96
62.78
76.12
72.63
82.82
82.92
78.39
76.04
80.25
76.96
76.6
79.09
70.37
77.65
80.65
77.51
77.55
77.59
77.64
77.7
77.78
77.89
77.97
78.09
78.19
78.29
78.3
78.36
78.46
78.66
72.24
78.68
79.53
68.88
73.94
75.29
78.91
71.06
72.47
80.38
81.45
64.84
72.23
72.16
80.87
80.92
80.92
72.37
72.37
64.49
78.76
74.58
76.14
76.06
75.97
55.34
77.29
81.69
79.82
73.12
80.41
81.17
82.38
76.91
73.19
81.92
74.15
81.37
78.72
81.91
78.84
68.51
68.49
76.47
77.26
74.75
74.84
78.65
74.83
64.89
81.62
76.21
82.81
82.92
77.8
76.08
80.27
80.09
76.66
71.59
77.4
77.41
78
78.03
78.07
78.12
78.18
78.26
78.35
78.39
78.48
78.59
78.67
77.02
76.6
79.09
70.86
75.74
80.2
79.28
79.35
79.42
79.51
79.59
79.7
79.8
79.93
80.04
80.18
80.39
78.3
78.36
78.46
78.66
78.68
76.62
68.88
68.88
79.5
65.72
74.46
71.06
74.31
74.31
81.47
77.45
76.22
76.45
80.87
80.92
72.37
72.37
79.89
64.49
82.82
74.47
74.47
76.05
75.96
55.37
77.29
81.51
79.77
73.12
80.41
81.17
78.04
76.91
73.7
81.8
74.18
79.19
78.69
81.92
78.86
68.55
68.51
76.54
80.76
74.8
78.73
80.47
78.1
79.83
80.42
71.96
70.89
70.93
76
62.86
80.28
73.63
79.97
71.51
76.84
76.85
78.03
78.07
78.12
78.18
78.26
78.35
78.41
78.47
78.57
78.64
78.74
77.06
76.6
79.09
75.22
79.43
79.8
79.31
79.38
79.47
79.55
79.66
79.76
79.89
79.99
80.13
79.84
82.67
76.73
76.64
77.11
68.42
78.2
79.06
78.64
78.66
79.87
78.97
79.01
71.06
74.31
73.82
81.48
77.45
75.6
75.6
80.87
80.92
72.37
72.37
79.89
64.49
82.82
74.47
74.47
76.05
75.96
55.4
77.29
81.51
79.74
73.12
80.41
81.17
78.04
79.16
73.7
67.65
74.21
81.37
78.66
81.93
78.88
68.62
68.54
76.56
80.08
75.2
70.93
80.47
78.1
78
78.45
75.68
70.42
70.93
75.45
62.86
80.28
77.68
74.2
83.26
78.83
78.86
74.3
74.35
74.38
74.46
74.55
74.61
74.69
74.77
74.82
74.92
76.33
77.13
78.09
77.49
79.17
74.95
77.72
75.68
79.43
79.51
79.62
79.72
79.85
79.95
80.08
79.43
73.03
79.06
79.64
79.63
79.85
77.12
76.17
78.22
78.97
78.67
79.87
79.01
79.02
79.51
71.2
73.78
81.48
77.45
75.6
75.6
80.87
80.92
72.37
72.37
79.89
64.49
75.86
74.47
74.47
76.04
75.95
55.43
77.29
81.51
79.72
71.98
80.41
81.17
78.04
78
73.7
67.65
74.23
81.03
78.64
81.94
78.91
68.69
68.58
76.61
74.53
76.13
80.49
84.28
78
78
78
67.36
71.9
71.95
75.87
62.86
81.31
76.3
71.45
78.45
78.48
78.52
74.09
74.12
74.2
74.28
74.35
74.41
74.49
74.54
74.62
77.73
77.16
77.23
78.09
77.49
79.32
77.19
0
77.18
63.72
79.57
79.67
79.8
79.9
80.02
80.16
80.43
72.5
76.78
79.64
79.6
79.85
77.12
72.54
78.25
78.93
78.67
81.04
79.02
79.03
73.81
71.12
78.39
81.92
77.45
75.6
75.6
80.87
80.92
72.37
72.37
81.91
64.49
82.82
74.47
74.45
76.04
75.95
55.45
77.29
76.26
79.69
71.98
80.41
81.17
82.08
78
73.83
67.65
74.25
79.32
78.63
81.96
78.94
68.7
68.62
76.67
76.01
76.08
80.49
84.28
78
78
78
67.39
71.9
71.95
79.99
76.1
80.32
77.61
79.31
72.99
78.18
78.23
73.93
74.01
74.09
74.15
74.22
74.28
74.33
74.39
77.67
75.48
77.6
77.29
78.55
76.6
79.33
0
0
0
80.52
79.64
79.74
79.84
79.96
80.07
80.24
72.5
76.09
76.76
78.54
78.5
73.95
78.6
78.81
68.91
72.78
75.76
78.56
76.02
75.07
73.81
69.44
73.7
81.92
79.54
75.71
75.6
80.88
80.92
72.37
72.37
82.13
64.49
82.82
74.45
74.45
76.04
75.94
55.47
77.29
76.26
79.69
71.98
80.44
81.17
82.08
78.74
73.83
82.61
74.29
81.05
78.64
81.98
78.96
68.73
68.64
76.73
76.56
75.77
76.25
80.59
78
78
78
80.62
71.9
73.04
79.99
76.23
80.28
76.3
79.33
76.29
71.26
71.31
73.93
74.01
74.07
74.14
74.2
74.26
74.35
74.42
80.56
79.09
76.39
77.34
77.08
76.6
79.34
73.7
0
0
0
79.7
79.81
79.89
80
80.13
80.29
76.06
75.49
79.46
78.57
77.51
73.99
75.54
78.78
72.77
72.78
77.89
78.57
74.9
75.22
73.81
68.65
82.19
81.92
79.54
75.68
75.08
80.88
80.88
72.38
72.38
80.01
64.5
82.82
74.46
74.45
76.04
75.95
55.45
77.29
76.26
79.69
71.98
80.46
81.17
82.08
75.65
73.83
82.61
74.33
80.94
78.65
81.99
78.96
68.77
68.66
76.78
71.13
74.28
76.18
80.59
78
78
78
80.63
76.3
77.82
79.99
75.4
80.28
76.3
79.25
74.14
76.37
70.91
70.98
71.06
73.85
73.22
73.9
73.35
73.44
74.13
80.64
76.99
78.56
77.38
74.64
74.61
79.34
75.19
0
0
0
0
79.85
79.96
80.05
80.17
80.34
72.29
71.17
72.35
68.7
68.67
73.98
75.54
67.7
78.89
72.78
77.9
77.45
76.71
71.21
73.84
81.4
81.08
81.83
77.11
75.05
72.33
80.84
77.5
72.42
72.4
79.98
64.54
82.82
74.47
74.46
76.06
75.95
55.49
77.3
76.55
79.69
71.98
80.47
81.11
82.08
75.65
73.8
82.61
74.35
79.44
78.6
82.01
78.99
75.7
68.64
76.83
74.22
74.6
80.44
80.59
75.87
78
78
80.64
76.3
75.78
77.24
80.57
80.11
71.51
65.04
74.1
74.2
76.29
70.67
70.76
70.89
70.95
71.03
71.1
71.18
71.25
73.14
72.77
78.56
77.43
73.88
73.88
79.33
74.87
74.01
0
0
0
79.94
80
80.12
80.21
80.4
70.04
71.6
72.42
68.12
79.56
74.01
73.47
67.7
76.76
80.22
77.9
76.47
62.59
71.14
73.71
81.4
81.08
80.84
81.87
75.28
79.77
79.35
68.77
71.85
75.16
80
75.75
82.81
74.49
73.88
76.08
75.93
54.33
77.32
76.55
79.69
71.98
80.47
81.11
82.08
78.8
73.8
78.82
74.39
80.86
75.53
82.03
79.02
76.16
74.76
75.61
76.39
74.6
80.44
79.6
71.17
75.88
75.86
67.48
75.06
70.88
76.39
71.15
75.33
74.83
65.04
74.17
74.15
73.62
70.53
70.14
70.9
70.97
71.05
71.12
71.19
71.28
72.94
78.19
78.49
77.46
79.31
79.31
75.93
79.38
74.01
0
0
0
79.99
80.09
79.57
79.68
79.84
71.69
71.71
71.66
68.16
70.6
72.34
77.01
71.4
76.84
74.29
79.81
76.47
76.45
68.16
74.68
81.36
81.05
72.27
79.86
79.89
79.8
79.57
77.01
74.13
80.03
80.08
82.87
73.46
73.93
74.43
76.02
73.92
74.1
77.34
76.55
79.69
71.98
80.47
80.42
82.08
82.21
73.8
78.79
74.48
81.04
76.22
82.05
79.06
76.19
79.45
73.36
80.94
80.94
70.4
78.87
75.72
75.3
70.89
76.1
75.06
80.45
73.34
79.01
66.47
71.66
65.04
74.18
77.24
72.74
69.18
68.28
70.65
70.73
70.8
70.87
70.96
71.04
71.78
76.84
78.36
76.53
79.31
79.31
79.35
79.23
74.01
0
0
0
79.29
79.4
75.34
79.58
75.38
71.78
71.76
71.68
82.48
74.84
71.59
79.34
76.32
76.31
80.58
79.82
82.27
80.33
77.79
78.97
81.32
77.44
84.4
79.89
79.93
79.82
79.3
81.26
74.13
80.03
78.24
82.82
78.23
73.3
77.72
75.71
76.58
76.58
77.34
75.51
79.69
71.98
80.61
77.72
82.08
74.7
73.24
78.79
74.59
79.55
76.25
82.09
79.08
76.22
79.45
76.2
77.7
77.73
76.38
70.01
60.68
75.61
79.22
72.15
75.05
70.54
79.51
79.01
76.31
71.66
74.14
74.18
74.21
74.29
67.56
67.61
75.45
70.7
70.77
75.56
70.93
71.01
64.86
61.35
77.96
75.5
79.31
79.32
79.2
77.47
71.05
0
75.21
0
75.35
78.88
75.34
75.36
75.38
75.13
71.79
77.13
77.83
74.83
80.83
79.32
76.34
76.34
80.6
79.79
82.27
77.64
79.22
78.97
77.87
77.32
78.42
79.92
79.94
80.8
79.3
80.71
74.13
80.02
78.26
82.8
78.25
79.77
77.72
82.76
80.7
81.53
77.36
75.51
79.69
71.95
80.75
72.51
82.08
77.9
73.24
77.85
74.62
80.99
76.2
82.12
79.09
77.91
79.47
76.23
77.7
77.78
76.42
69.83
75.36
75.61
79.22
75.86
79.59
75.76
79.54
79.02
77.41
69.51
74.14
75.14
75.14
75.14
66.97
67.05
70.93
75.04
77.76
77.77
77.78
77.79
61.75
74.39
76.77
75.56
79.11
79.13
77.45
80.95
70.32
73.68
75.2
73.5
75.35
68.17
75.36
75.34
75.26
68.41
81.83
73.28
77.83
74.84
80.83
79.32
76.36
76.41
80.6
80.7
80.03
75.85
80.44
78.97
78.97
77.89
78.9
79.57
79.97
79.51
74.3
78.93
75.47
74.21
78.27
78.51
78.27
79.77
81.29
82.72
80.7
80.3
77.41
75.16
79.57
71.95
80.75
72.52
82.08
77.03
73.24
77.85
74.66
81.04
76.21
82.13
79.07
76.23
77.95
76.23
77.74
77.83
76.42
76.74
75.34
75.62
79.23
75.86
79.59
75.76
79.56
75.21
76.58
76.14
74.33
75.14
75.14
76.73
77.92
66.07
65.89
76.21
77.76
77.77
77.78
77.79
68.21
63.1
75.87
74.53
72.54
69.72
73.23
80.95
74.58
74.55
72.69
72.69
75.35
75.27
78.34
75.34
73.79
83.57
73.28
73.28
78.18
74.85
80.83
77.43
76.39
76.42
81.15
80.7
80.03
77.64
78.65
84.5
78.62
80.99
77.4
78.69
79
79.51
79.19
78.9
76.06
71.32
78.45
81.19
76.94
86.67
81.08
86.78
59.82
78.8
75.95
74.1
79.8
71.95
80.75
72.53
82.08
77.03
75.01
77.85
74.7
79.68
76.18
82.13
79.07
76.26
77.96
77.98
59.29
69.74
81.04
79.19
79.2
77.65
76.74
75.86
79.59
75.76
79.62
79.6
78.04
76.14
77.8
75.14
74.68
76.73
77.93
80.34
78.92
76.22
77.54
77.77
77.78
71.89
68.24
68.54
75.91
77.18
69.72
69.72
76.7
80.95
80.63
75.25
72.95
75.16
75.22
79.42
77.79
75.34
83.77
83.57
73.28
79.65
77.02
77.02
80.84
76.97
76.4
76.44
79.67
80.7
82.71
79.94
75.6
75.6
77.42
78.27
80.01
79
79
79.51
74.85
78.85
76.06
75.59
77.99
72.51
77.24
0
0
0
81.27
76.9
80.95
75.84
76.18
71.95
80.74
71.77
82.08
78.21
75.01
78.83
74.73
81.16
76.16
82.13
79.06
77.75
77.98
78.03
78.08
76.66
76.87
79.19
79.2
77.72
77.65
78.41
79.59
76.23
68.64
79.55
81.87
77.86
77.81
71.29
76.62
77.58
77.93
78.92
78.92
76.18
78.29
77.77
68.15
77.71
68.25
78.81
73.51
78.04
70.03
71.01
74.66
75.25
74.68
75.17
76.72
80.64
68.15
78.24
74.56
75.26
83.77
73.57
72
78.79
77.02
77.02
80.84
76.97
76.42
76.49
79.62
68.56
82.71
78.62
75.6
75.6
77.43
80.41
80.21
79
80.23
79.51
75.29
78.85
79.96
75.66
69.62
70.85
76.22
0
0
0
0
76.88
78.69
75.51
77.81
71.95
80.74
78.05
82.08
80.97
75.01
78.83
74.76
81.2
76.16
82.15
79.08
77.76
79.66
78.03
78.1
66.18
72.94
68.01
77.8
77.72
77.65
78.59
79.34
76.23
68.64
79.47
78.43
71.98
77.82
77.94
76.62
77.58
69.76
78.92
78.92
77.65
78.3
77.56
77.45
68.16
77.57
72.28
69.86
80.87
69.72
80.07
74.64
75.25
74.71
75.25
80.47
74.74
68.02
74.67
74.45
81.16
74.59
69.77
69.71
69.71
77.02
75.25
80.84
76.92
76.45
76.5
80.58
68.58
83.71
80.38
75.61
75.6
78.99
80.99
57.36
77.66
75.83
79.51
75.29
77.6
79.97
71.51
69.62
69.65
70.37
77.68
0
0
78.71
76.18
72.38
77.5
77.3
71.95
80.74
79.92
82.08
80.97
73.9
78.83
74.78
79.85
76.17
82.17
79.08
77.79
79.68
76.42
77.89
77.94
76.52
71.79
77.8
75.75
79.42
78.61
79.32
76.26
68.64
79.27
76.27
78
72.21
77.72
78.45
77.6
68.47
62.14
41.08
75.3
77.64
76.59
73.66
74.87
71.99
71.97
69.47
81.31
78.82
80.09
78
77.26
74.74
80.56
80.51
80.59
74.45
74.45
80.77
78.71
80.16
78.49
69.71
69.71
77.08
81.47
75.5
78.62
76.46
80.59
77.58
68.59
83.71
73.44
75.61
75.62
79.7
78.93
57.36
77.64
75.97
79.51
74.81
77.89
79.97
68.61
70.42
69.65
69.67
68.85
0
0
78.22
70.67
76.16
80.75
67.12
71.95
80.74
72.97
82.08
75.51
73.82
76.4
74.81
81.32
76.18
82.18
79.1
77.8
79.23
76.43
77.91
77.95
76.51
71.06
77.8
75.77
79.43
78.54
82.14
75.79
68.64
79.2
76.31
77.64
82.17
76.72
80.77
73.81
62.2
61.36
71.84
75.29
76.64
75.31
75.01
74.32
76.39
71.63
85.46
78.68
78.93
80.14
78.51
76.82
80.56
80.57
80.59
80.66
80.74
79.44
77.13
76.64
76.38
78.49
69.71
77.56
77.08
80.08
75.5
78.62
80.6
80.59
76.25
68.59
80.53
73.5
72.5
75.62
87.01
78.6
76.93
77.64
75.96
79.51
79.87
77.89
79.97
68.6
68.65
71.56
69.67
65.26
0
0
80.09
74.9
68.34
72.73
66.95
71.95
80.74
73.09
82.08
81.78
73.74
75.49
74.83
81.37
76.18
82.19
79.1
71.52
79.23
71.79
77.91
77.95
76.51
71.06
74.72
75.77
79.43
78.54
75.96
75.79
68.64
79.12
75.89
75.91
66.58
76.72
76.07
76.12
76.18
76.24
76.3
76.36
76.41
76.46
76.51
76.56
76.61
76.65
76.7
76.74
76.8
76.85
78.42
77.58
76.87
76.93
73.65
73.71
73.8
73.87
73.92
74.03
76.38
78.49
69.71
77.56
77.08
74.68
75.5
78.62
78.47
76.83
77.59
82.81
82.86
75.13
72.5
75.62
79.04
86.95
73.13
79.64
77.57
80.88
81.76
76.26
79.97
77.81
70.89
75.33
61.14
74.5
71.21
74.19
74.19
74.19
74.19
82.17
80.53
75.79
80.74
73.2
82.08
81.78
73.6
77.94
74.85
80.02
76.19
82.2
71.63
71.55
79.21
71.79
74.98
77.95
76.51
76.28
74.72
65.85
77.82
77.14
76.76
77.99
68.64
78.44
75.91
75.93
77.68
76.72
76.11
76.17
76.23
76.29
76.35
76.41
76.46
76.51
76.56
76.61
76.65
76.69
76.74
76.78
76.85
76.9
78.42
77.58
76.92
73.89
73.7
73.93
73.86
73.91
73.93
74.11
76.38
75.42
69.71
77.56
77.08
74.73
75.5
81.08
71.08
76.83
77.59
82.86
82.91
82.95
75.13
75.62
78.1
78.27
73.13
77.08
77.57
79
78.2
76.26
79.97
78.43
75.33
61.14
74.62
71.21
71.21
74.19
74.19
74.19
82.17
80.53
80.53
75.79
80.74
73.28
82.07
80.87
73.53
80.34
74.88
81.49
76.2
71.73
71.67
71.6
79.22
77.72
82.45
79.57
76.38
76.32
74.72
65.89
65.95
81.99
75.79
78.02
68.65
80.54
75.93
75.98
78.34
80.17
76.16
76.22
76.27
76.33
76.39
76.45
76.5
76.55
76.6
76.65
76.68
76.73
76.78
76.82
76.9
76.94
78.4
77.58
74.06
73.97
73.76
73.97
74.05
73.91
73.94
74.11
75.86
75.41
69.71
73.48
77.08
74.78
76.15
81.09
71.09
76.83
77.59
82.91
82.93
82.97
72.29
75.63
78.05
78.08
80.42
78.56
77.57
81
76.99
76.26
79.82
72.81
74.87
61.08
74.62
71.21
74.2
74.19
74.19
82.17
80.53
80.53
72.85
75.79
80.74
73.33
82.07
76.14
73.46
80.34
74.92
81.56
76.19
71.78
71.7
71.63
79.22
82.99
82.45
74.68
76.41
76.35
78.26
65.92
65.98
66.04
79.34
75.02
68.65
80.54
80.3
49.82
77.71
80.14
81.85
81.73
59.91
79
73.02
76.75
80.36
79.48
76.77
77.77
81.54
76.04
75.86
77.53
78.27
78.4
78.4
74.15
74.06
73.97
72
73.97
74.05
74.06
73.97
74.11
84.27
75.5
69.71
73.48
77.08
74.82
76.15
81.09
71.12
75.24
76.5
82.94
82.97
82.99
81.65
75.64
77.35
78.2
77.31
78.56
77.37
79.42
77.18
77.53
78.94
69.73
74.87
74.87
74.62
74.19
81.01
77.51
77.78
80.81
78.13
82.97
82.79
75.79
80.7
73.41
82.07
78.35
75.28
80.34
74.95
80.2
76.19
71.81
71.73
71.71
79.23
82.99
81.16
74.74
79.86
76.37
78.26
65.94
66
66.06
79.32
78.02
76.46
80.54
77.41
79.52
68.03
80.14
79.66
80.19
77.66
76.8
83.09
81.8
78.85
81.81
74.23
78.06
78.08
81.02
68.56
77.76
76.82
52.45
78.4
74.15
74.06
73.97
80.93
73.97
74.05
74.08
73.99
74.11
75.15
75.51
69.71
73.48
69.92
74.86
71.86
81.09
71.13
73.24
78.91
82.96
82.99
83
72
75.57
77.79
78.23
74.08
77.96
77.58
80.92
77.88
77.53
80.77
80.03
74.87
74.87
74.87
74.19
74.19
74.19
81.62
75.54
77.85
70.42
82.83
75.79
80.64
73.5
82.07
81.61
75.28
80.04
74.98
81.66
76.19
71.85
71.81
71.75
79.23
81.18
81.16
74.8
59.36
59.36
78.26
65.95
66.01
66.07
78.74
78.03
76.47
80.54
79.31
79.43
77.71
80.74
79.66
77.96
80.05
73.84
82.55
81.82
76.7
78.09
77.46
77.16
78.01
76.33
68.56
77.74
76.83
76.86
78.4
74.2
74.11
74.02
80.93
73.98
74.06
74.09
74
74.11
76.32
75.51
69.75
74.36
69.94
74.87
75.65
81.1
71.13
75.24
77.24
82.97
83
83.01
72.86
74.66
77.79
78.25
80.5
78.84
77.57
79.94
76.98
77.53
80.77
80.03
74.87
74.87
74.87
74.19
74.19
74.19
63.92
81.01
77.52
70.45
83
80.21
80.64
73.55
82.07
76.05
75.28
80.5
75.02
81.7
76.19
71.95
71.87
71.76
81.18
81.33
74.17
74.84
59.36
59.36
59.36
65.95
66.01
73.66
78.74
75.79
76.48
80.54
75.96
76.02
77.71
80.67
76.18
76.24
76.29
76.34
76.4
76.46
76.51
76.56
76.61
76.66
64.96
74.67
68.56
76.85
76.83
76.86
76.89
74.24
74.15
74.06
73.77
73.98
64.35
74.09
74
74.26
77.61
76.86
69.82
74.36
69.96
74.88
75.65
81.1
71.13
75.24
76.94
82.97
72.45
83.01
71.42
73.71
55.18
76.07
79.57
78.84
77.57
80.21
77.51
79.34
80.77
80.03
68.61
74.87
74.87
74.19
74.19
74.18
74.14
82.3
80.55
72.69
80.84
76.32
79.36
73.59
82.05
79.1
73.9
80.48
