100
100
100
100
100
100
100
100
100
100
100
0
0
0
0
0
0
0
99.7778
99.8889
99.8889
100
99.8889
100
100
100
100
98.2222
100
100
100
100
100
100
100
100
0
0
0
0
0
0
0
99.8889
99.8889
100
100
100
100
100
100
100
98.6667
92.8889
100
100
100
98.4444
92.8889
100
100
0
0
0
0
100
0
0
100
100
100
99.8889
100
100
100
98.4444
98.5556
100
100
100
100
100
96.8889
100
100
0
0
100
0
100
99.8889
100
100
100
99.7778
99.8889
100
100
98.8889
98.4444
97.6667
100
100
100
100
100
100
99.8889
100
0
100
0
0
100
100
100
100
100
99.7778
100
100
100
98.8889
98.2222
98.3333
92.8889
100
100
100
96.8889
100
100
78.3333
100
0
0
0
99.6667
99.7778
100
100
100
100
0
100
100
100
98
100
92.8889
100
100
100
100
100
96.8889
100
0
0
100
0
100
100
100
100
100
0
0
100
100
100
100
100
92.8889
99.4444
100
100
100
100
96.8889
96.8889
100
99.7778
100
0
100
100
100
100
100
100
0
100
100
100
100
100
100
100
100
100
100
100
100
96.8889
99.7778
100
100
100
100
100
100
100
100
100
0
100
100
100
100
100
100
100
100
100
96.8889
100
100
100
100
100
100
100
100
100
100
100
100
100
100
100
100
100
100
100
100
100
100
100
100
100
100
100
99.8889
100
100
100
100
100
70.3333
100
100
100
100
100
100
100
100
100
100
100
100
100
100
100
100
99.8889
100
100
100
100
100
100
70.3333
100
100
100
100
100
100
100
100
100
100
100
100
100
100
100
100
100
98.1111
100
100
100
100
100
100
100
100
100
100
100
100
100
100
100
100
100
100
100
100
100
100
100
100
86.5556
100
100
98.3333
100
100
100
100
100
100
100
100
100
100
100
100
100
97.8889
100
100
98.3333
100
100
100
100
100
100
100
100
100
100
89.3333
100
0
0
100
100
100
100
70.4444
100
100
100
100
100
100
100
100
85.5556
100
100
100
100
89.3333
0
0
0
100
100
100
100
100
100
100
100
100
100
100
100
100
100
100
100
100
100
89.3333
0
0
100
100
0
0
99.8889
100
100
100
100
100
100
100
100
100
100
100
100
100
100
100
89.3333
100
100
0
0
0
99.8889
0
100
100
100
100
100
100
100
100
100
100
100
100
100
100
100
0
100
100
100
0
100
100
100
99.8889
100
100
100
100
100
100
77.4444
77.6667
100
100
100
100
100
100
100
100
100
100
100
100
100
0
100
77.3333
100
100
100
100
100
100
100
100
100
100
100
100
100
100
100
100
100
100
0
100
100
0
99.8889
100
77.6667
100
100
100
100
100
100
100
100
100
100
100
100
100
100
100
99.8889
100
0
0
0
0
100
100
100
100
100
100
100
100
99.6667
100
100
100
100
100
100
100
100
100
100
99.8889
0
0
0
100
99.5556
100
64.4444
